1
1548706
1898194
1332367
1639566
1396119
1366924
1650022
1750997
587846
211371
957697
1386497
1187487
38742
1044492
1174797
1593064
1263642
1144361
1587023
1811843
1485107
1141689
1356304
1315557
2032586
1448895
1553215
710635
1254336
1983157
109382
2098116
1159670
427840
721946
400635
2124223
962307
1437581
989857
20479
2019870
1183900
1816653
220895
1356920
1016830
824867
1262552
1673008
540939
1016307
544965
601620
1009083
562844
803425
1812157
1568213
1174642
193850
1373554
1337312
904107
1373516
605834
1057376
1351119
762710
239189
942734
685149
932378
1016073
1516397
837855
1164936
1741558
274440
768609
1945852
1958741
130069
239807
372845
1105085
62711
1335457
778239
1825970
178440
552461
833483
775710
1636599
1386486
1236674
894366
36242
1594519
574464
1013055
203388
861519
1937761
640215
850807
1795850
980028
1867671
967605
337283
720441
765611
1003141
145554
1319278
1472164
1367246
988859
122313
768214
1115708
565829
812159
191674
1798217
1142907
125753
1128460
263018
621259
1265739
2132632
1554666
85484
356349
1667244
723010
185153
1757436
554598
1090867
391991
1081389
2117623
1869661
1545474
1703706
1747156
711998
1479682
1070973
832971
71350
1353756
1834336
377600
1244277
502257
404130
103024
1539930
145229
1186195
508149
1284688
127913
248101
634587
1890777
1979973
552753
17483
929081
1721986
1247782
1327996
895115
474056
1925497
1369008
70064
1368554
1217140
1795370
842907
1257047
1061172
1694731
607376
216828
437205
575823
1607513
624437
1297813
148428
83752
937681
1615357
417525
1711010
311485
1728593
555841
817544
264383
1297523
123103
547291
1676942
1151429
663416
75166
496193
2011657
337197
1548177
1629728
290398
583541
629352
577277
1244808
128858
1782260
1544633
172074
1111594
1849510
522779
272580
74682
2034382
1397391
936340
960367
1411258
1408384
816091
1878832
1590851
1589967
201888
1667312
1665017
1063568
531885
188030
849200
691677
902930
1536473
791969
1570270
1772185
1984028
169617
1235903
614478
325985
1215551
1724872
1117410
1449101
513082
1111539
1742958
805157
774454
853799
793844
1418466
1432438
258092
735609
1272886
1407969
1841952
470
1888489
1773872
28932
1254042
1926118
871607
1958922
966905
916394
330371
159467
388755
335925
1322869
413559
1065260
81371
37322
1634883
1010675
1529209
1565187
1759774
1355790
52480
944896
105189
1027491
1962344
1360379
38984
287947
1749383
48201
1618369
1713420
191793
301152
786959
932226
1805422
1034934
806818
328283
1604768
1909012
1594161
1680663
2039080
1373209
1325474
1106705
884973
1450517
1399881
2068685
634718
681717
1270756
1563736
1181520
129792
64842
665118
1545153
1894637
1849288
1552005
1106250
1983335
73783
2125659
898135
1012684
6399
1865119
251415
811058
1089497
1131061
1443784
1418758
1164000
948843
944215
1267324
1761639
1792561
481666
1805489
267558
443688
1006517
1811661
1697300
1046471
644802
1852382
783422
740200
1642428
1491218
752691
830217
100343
608292
1003111
1629936
2062900
56949
1690910
477230
2084036
1109939
1190487
875601
701314
813496
1848378
1909675
941978
169697
1936078
283316
960731
1577330
1109575
898329
1751365
1469638
1597419
858766
855847
167199
1026943
2100593
1913213
1859432
841059
1822610
1010206
354780
1242744
275544
1606252
448139
1749215
400737
1941672
185954
569257
1554641
1406137
1211080
1442564
1559899
1530457
1596815
1743487
1917194
682546
376890
25340
394399
1441829
716647
2033538
730647
1224908
321270
1666136
1781795
190292
23075
344237
189546
1917075
1675739
135234
535906
718662
1188977
1390898
1061207
1527701
973587
1114566
1647642
1752466
1068249
857523
396349
2130228
164
1704655
2078094
798257
812290
1466182
1403127
2004679
244866
469798
1978379
1656128
1041542
1365424
628907
499798
1060525
1547707
193270
1687502
431712
1591888
1879338
713301
1227391
1060941
520439
825089
1641985
514070
191009
828168
1518624
391404
683286
299169
285696
1476764
772219
1690120
74231
1676944
569247
1671228
1348980
1065887
1546076
1394484
679176
491335
978905
848504
170449
1417523
1153463
111631
500619
1522721
313761
1334982
94847
1602708
480149
857074
1564968
893786
743100
229857
2065158
821737
1216346
1040188
388198
633602
1713254
738027
1165414
590337
1343639
2006320
1737381
751997
329356
784375
1910030
1047084
291983
1632784
84266
992043
2042650
1336251
1746635
572472
1787241
1813718
1336064
1702688
186607
1965105
1468100
1371936
146861
1102172
2085722
973113
1027925
1794749
1462902
310426
1540815
1916313
2048645
1670600
710705
1146392
602383
1617612
1893594
1049436
308180
1371079
460501
662052
562250
1020647
775762
1741497
655443
927253
1086494
1085862
663464
1413950
596277
955336
1402561
1592709
529334
860352
1976466
1165024
679916
1720236
2011439
2000649
618261
1482227
700052
939810
2097111
2055085
482698
1312260
267781
1905284
1915725
410453
1686513
132988
1368518
1003057
1655011
634725
415325
341617
1203617
1569873
1535987
1792023
1474610
460068
768624
1147153
1249200
1870634
1768207
26567
1917183
623312
322787
1193405
1567116
824386
1425903
1145921
2133700
815957
615642
624609
289349
1788559
791724
101312
915525
236344
1955483
1552824
1766540
721782
160894
1846136
1077675
1332992
2065343
965352
1527378
920354
2017804
1383698
2005708
1805650
1128579
1988319
35859
737657
1446503
1764733
2089435
1150685
125107
1933249
2134467
315579
646583
1015671
1276827
896993
2027704
1077158
1495582
470895
1789201
1708362
1045217
427386
2083393
1132212
2132078
902330
1029408
1818317
1997511
460129
937370
551876
1374788
160604
2059012
613555
979507
903435
15306
600065
1711192
2108876
1324691
513307
191858
2089721
356779
1897149
1973783
699215
93857
297599
78611
1131690
286745
365984
1194726
502426
737363
1198598
2140518
2082920
1001136
376588
578054
276838
1162774
1196933
1481786
98323
1707081
168571
1563457
1042539
1680793
871644
404216
1521044
985267
1331910
1151159
1119538
1968935
259285
1724332
356928
384224
217941
874436
1094792
1876197
1780813
364748
2060091
985748
1771872
845363
1898068
420894
309672
2068152
2057123
1875703
402740
1786467
1446269
1077403
1118212
1758809
1026592
2092564
1876986
1696443
1863819
280644
1218429
1955411
1912913
1519812
940186
1453857
1648387
927601
308362
1618190
248693
54653
919295
1512961
1626720
1926116
808399
961145
966465
1005685
2079330
1910134
1744380
2060389
1935088
1096363
1809032
1076361
852707
1708864
491869
359948
1095609
1046132
1859997
699886
1455042
1868733
1940247
736941
1598365
79117
1600229
434358
97919
1394685
879077
44753
1816429
1986296
971982
969731
381655
1204368
38336
467158
2100448
1357226
176871
1369814
425818
96133
1344441
1184323
861568
2074542
806222
883641
1667041
1714108
1528843
1965778
1524560
1526786
1337099
2039989
595619
84127
268813
426678
220864
851580
181789
2083837
665880
627230
1792231
1917410
1808990
1921017
1207238
1586663
2128659
1733352
406254
608994
1310778
353946
1284318
1028946
728279
489577
1656949
2046575
2013388
468851
1498772
1446469
225153
1801292
865510
973683
1211737
611610
1328460
1556299
702629
317294
996308
1105853
487162
1768660
1534360
1733840
201503
271919
1859648
1070765
889021
2009321
1255425
726284
1112525
464668
2048408
775846
180416
1113985
2027503
1421899
1327844
1744455
296338
460777
894325
201711
91071
178325
427864
365891
1844762
1428238
1797378
165961
1024444
1017969
542171
344714
1860682
970514
592704
1182204
1028490
134124
189257
2139609
121266
1565768
843306
1006621
1428066
1630131
1436189
7957
1293482
1934073
1921823
28638
744665
1640732
1790500
302925
236672
1196110
33920
749217
940884
320356
286471
1026904
1681303
1045208
1324496
641953
1537031
1786766
1362443
897413
1779716
2059305
851248
1231675
1013081
1563674
259549
270907
1994159
874603
1476193
490250
1501984
144508
700182
335581
573237
1802459
1182288
1510377
1689665
1095156
1977006
1150720
1017063
751843
1856822
517628
1909082
1294378
1176985
821949
90147
1784206
339883
1017296
1031093
782827
434660
1620687
2049189
2123239
2027867
1103590
2129442
1266000
2091085
91733
1232581
1766635
141136
2143228
1321552
781246
1543647
816076
1135263
729003
1732443
822321
1818325
902448
822777
1928170
523524
98629
907343
1288316
1791974
160906
1352604
1453210
1528635
753866
641185
3940
881443
1759706
1633450
1393705
504050
558747
1716420
178311
500246
70107
1918530
136802
1270999
575048
1311951
868864
928210
574188
1431440
1867410
1983712
349276
1728628
1529250
1561891
1072084
490999
1044962
243635
1732301
639466
1764790
1789832
587058
1931483
1510903
1121646
761402
1268263
125357
874459
1496990
137021
853675
1159451
858537
1941919
224591
2046600
1766126
918141
378278
626358
2087300
635979
1836964
915256
1197968
529154
324364
2035353
1634657
371130
274651
1130203
1951418
3501
390408
1203574
1000262
1514739
1623669
695894
637727
585705
237841
1035597
1681033
1264808
1393157
1090205
2078612
1613396
2145723
436418
2055805
1455284
66477
1391664
1473295
2068413
1649923
863648
864277
1186836
1749163
952694
107206
1415310
1857600
1638116
2101661
720976
338139
301446
898747
149070
969043
71257
676476
1258669
1247298
969674
1190703
1116873
1610548
565899
971185
135317
1362144
1843193
1334096
1689649
412810
1259952
1184520
1327366
1354225
1994617
1793962
1073313
1082537
1087135
2062000
1371165
1439013
1343047
1536746
1044063
473774
1925729
578502
969224
1346741
1668263
646856
137131
1130318
267139
1281678
493235
1368780
1225303
2136963
1411693
1763396
1279566
273476
1721128
982336
215716
1256648
1601772
1429225
1137125
653592
806465
402244
1602562
967361
1732368
2061693
1660595
1338914
154647
1598335
430559
2045097
452975
611789
1458546
1022657
1447541
1906394
1644744
1122758
1647759
1937926
981056
191034
1722578
929202
1473777
373605
1673263
370911
1660640
1115888
1672522
2063252
1893502
1376467
1093771
1099448
1884380
807969
115160
1805568
1365790
316613
709557
1180464
268688
1051153
468762
534388
1524504
69685
1048922
102400
20367
862020
1853687
1238121
106917
1546337
712149
1923173
1690428
393235
1558307
59943
223160
1517491
152666
814049
1674031
1820954
1940674
1105307
602949
778205
573625
1538803
1987783
957691
682251
1508794
1449477
2118703
1452374
947245
76494
1997462
1534408
149892
1144885
513170
1832559
112350
1099952
266658
1169797
1153536
1037697
979783
1410905
1321088
1043292
588778
1532478
790495
998768
1982684
197057
2093629
1280159
1505364
796917
1054957
2034713
871116
1939627
1457109
1293346
732450
1253247
1022906
1951041
1383942
1635998
1507380
902944
1496620
719932
658549
485106
1302146
2115339
1233457
102203
897034
376044
658852
1542789
510705
753323
1565022
842535
1399188
805044
145074
1399328
59974
144217
1349106
1925116
1804721
1389236
629583
253435
544067
1250488
1727013
271987
1473992
239738
230420
1993479
1248340
1148853
1731012
239351
1362916
1617907
1305036
1485466
266838
1762599
373489
701128
215678
164989
2111798
1389923
1562811
2054479
1500517
1268601
354824
1503325
1424675
1809622
202124
1039539
192383
759946
1119862
1597851
1554326
1789613
1255241
1869769
1724934
1509124
1785238
299221
1403102
1057531
889996
376938
1371353
541552
194369
2115628
1393549
730413
1046200
1942763
1395369
1106166
28290
555881
554600
423908
778350
1217353
382222
1295982
339712
1707898
1246476
1968794
87963
1808032
544745
738376
1627388
855838
1415036
1849798
1256354
1677699
1002071
1871868
1999659
703235
2090703
1936291
1008643
1323965
773401
604040
878825
364278
982643
1986284
1141764
1912170
1609842
1776468
1062355
1778357
255037
1482284
1325143
519262
764831
70939
536844
906794
1560066
1353890
932253
149939
617386
30780
527941
1721129
987059
1161304
1278818
1174433
995908
1777848
1948388
1681604
1470694
497531
817569
467993
571110
548689
2000774
728954
1572966
107372
116641
1606418
1721988
1528995
189957
1419946
701012
361465
972384
1285699
970450
866248
1624726
2042228
624794
1509204
223225
236202
809502
848881
200214
1917526
1517659
2109942
821055
1244713
1826841
540246
1354853
1340955
675060
1185255
422782
1291982
323390
1175349
183979
255131
2028491
938871
1934691
1511723
1324774
1752640
915085
1476745
3369
874540
122524
1832856
359598
1905738
2033735
1716883
60041
259199
240675
482809
1928400
68251
1647236
184750
1494186
854430
2047877
234762
598703
1655185
872448
1579982
53361
1127627
2142447
1486949
1211250
1933776
2028023
1529019
960265
2023264
1430349
1800311
650012
1837393
1424874
186384
1061051
1129251
922314
1829531
1693732
444438
629952
1343590
938990
1972294
121791
1517716
1527555
1170998
1918153
1945816
1188618
1378062
2021715
1825668
1283380
927225
634238
469828
516613
395454
933249
2015359
1015116
1137567
1936671
2083216
361999
561341
1565903
1118593
2010998
1368812
721868
1840524
748516
1500299
1294686
1854920
742527
1844848
1218604
383747
1769754
343690
1705155
955027
1903385
828988
1358149
1238426
1942468
1449919
1105042
1948945
1087547
1107384
177788
1800101
960709
1121824
126279
141839
1428967
2130491
2085060
1930473
409755
1902841
660461
1309191
1900224
1023481
659337
157532
711304
364700
11938
29709
1372318
1147048
1128154
2094580
586929
1736354
1042790
1698195
2116874
794037
124585
368046
2034170
901312
1299676
2043753
1282275
177990
501969
2023758
1217160
2028553
1656764
1035234
457767
1361785
1496321
1311806
825438
1784267
1602801
815384
439477
324984
1528338
1881201
1948105
1702624
1722577
733002
630530
917485
1910905
56287
522103
122971
1312113
93209
1611477
218578
1304965
1342612
1375843
976846
2120505
217841
1402363
501801
1951669
1148510
1464275
1245404
343240
808750
32377
364533
1245863
886444
100378
748179
224135
63663
1848358
25913
1093687
1757919
1502679
1777972
961790
1470450
462735
855034
1535661
715105
1858673
266836
858507
159470
500582
627229
601695
142064
1103408
1109682
1732622
1813670
574142
1713059
1459805
507742
2075711
555454
543640
1875890
488992
1231890
884620
1481908
980547
2033804
174693
739972
544252
855207
2107152
939409
345902
147710
1934380
78752
1301816
282068
1120801
98363
817944
1534288
805126
2049916
379901
1052788
1267237
530356
897111
881785
157343
1159962
1200172
1264991
412655
793001
706544
1715719
2011084
1843689
1627909
751334
1079376
1458752
946216
811735
1164171
172660
1245379
612581
1995549
1572934
1007177
1037003
285734
578418
755346
1423301
514315
1778107
1280874
2014392
1831429
947458
1153944
1201044
2056893
3245
962497
2034611
166325
1220142
1806340
1771201
1639515
1640654
1659372
1286504
61024
1087448
784451
1322438
1248385
1347676
97662
944389
990787
1445608
1240376
495727
499771
1596387
1141334
559415
1393631
2072120
1770874
1998246
1562175
70280
210676
567085
1886983
1106994
644451
2045257
867416
1187893
228702
1657547
1118584
1911009
1620715
155300
1125209
1867734
461641
222308
240290
655106
370667
1321567
1066298
766664
648809
1432329
926406
154154
2138944
2094948
1528091
1175468
868985
126039
413695
1269234
1383761
50099
1128178
1603510
761273
1794651
1195315
365677
594497
1216068
1633889
174084
2084335
1720085
338932
552296
1022831
734615
2112655
1540902
2047561
1697587
2097404
270532
1170058
39070
436337
1405439
2042589
643698
1228164
1856560
21436
1076637
72678
455030
2079445
1922774
2125270
950486
982410
1967053
1831938
465313
353240
1304695
1523723
1877528
369103
277617
1393984
933530
2062273
201817
1552182
2104941
1369461
1665839
750470
749122
2055530
211005
613200
2011662
1724510
1106476
700662
561067
1591233
2079901
820068
1333108
1966430
2078442
1923681
1880258
1458838
1586252
577318
1141075
112608
1493407
2014407
40662
1847591
1267959
1600613
1074314
39553
341447
390077
983560
277181
555939
566
300743
809561
749595
1060156
641114
964329
954113
1985393
211528
1384017
462285
754433
304298
462106
890947
1877510
548009
1059719
452762
893706
352138
821369
2083417
510978
730626
133019
1249277
1649959
2011430
1020109
1027303
428208
1787647
40377
2045967
2137855
2118336
1874663
1235127
194889
1945893
1577876
378831
611347
754616
985478
1554050
1422804
726329
834258
1312735
511935
411771
1608897
1396465
344435
1148379
2019909
532843
591353
142399
969414
727441
1717851
219178
1214392
252180
1346174
1526907
1781978
42575
1968169
895773
704585
830676
199391
781473
1541522
683371
1653808
1684511
1197435
1669251
211892
1672908
1904924
1718658
857129
997613
966865
145767
1151041
1367274
2034166
1740422
1477733
1287845
1115088
1101517
1219624
2005058
1105249
1216004
1182016
1489766
567793
929363
105964
1238395
1712706
1615041
2054184
993188
545008
1107643
1198144
1609277
682787
537170
924069
557964
1795232
751011
1457321
1759207
380580
634959
1285756
929268
592520
656172
2020622
1228860
1649740
42138
399457
776116
265281
395864
554075
935461
774884
428892
1350027
1647356
495204
1449227
384007
389563
45663
341127
274052
14490
328156
638798
1890801
2118709
1522138
309089
704933
1833233
2097261
2123691
13065
248878
321577
1707480
1177927
35567
1793929
1944166
933664
1013010
469569
1412882
2067888
1186047
827888
442738
92839
136952
1544331
987278
102134
569914
866865
946441
593772
1906869
1695407
1427219
447617
1140405
493092
1956377
951591
1356031
62552
869382
425959
1712830
1557290
1378414
1537137
249924
935217
1431569
1310356
722091
778817
1927933
1858443
969463
1758460
605993
952508
1612186
1397163
2133698
1901297
1554510
1259611
576478
2018169
1460756
811052
1966170
740577
1583586
290221
1071862
2081589
1410036
1636685
899539
70999
1463405
646160
1526097
1261868
1247815
221775
844717
1386478
310419
870139
124516
531226
1806826
662336
557253
481023
324386
2069133
660785
1414485
400564
1517418
1007343
1064638
554987
1920306
2124709
2057498
916544
1878191
505885
623343
1053763
1894005
1519917
1051788
541370
351847
1631629
1990683
1373459
1098575
1067441
628592
1871773
1090644
1495195
193902
1689782
209237
290245
1403997
1637782
1214447
1407151
1065004
735719
1036812
1401136
2075869
1278833
68639
2016747
2058825
1513739
1778029
275007
1757943
1606109
1856012
638387
1095026
29426
1734106
582608
252915
547750
1088150
681643
790490
350615
810102
1945665
1493871
1937656
1011081
2141367
189187
1164472
1148428
745072
1030930
1267443
1585058
211888
1035545
1954264
2044788
1189088
761334
1766903
410141
1309043
351841
490977
788176
2064968
1808806
286681
685510
1123858
854629
1740016
962652
713788
884455
469653
602133
1111896
478818
565516
735791
1354946
945134
855553
1784796
77188
736514
1922736
658690
910930
1017720
2018351
1586151
1715527
21911
1494430
272145
134140
1008339
1247168
592235
1896243
869899
5805
891686
10835
929593
2027713
336122
481736
2058880
1699736
1656057
1869894
1592818
1471760
784232
1007057
1718076
1128694
299317
776088
1554503
1158859
1233713
1792044
1030546
836113
1206348
213293
343363
1536155
578652
21806
628390
70849
806899
1617174
633621
172313
994267
203396
125080
1179417
1110737
730820
419323
2099497
1392526
2116071
2129463
1095572
1226133
1605587
2073338
565939
914016
1699285
293540
1736086
2034291
712691
1422813
1024431
913621
1339370
71484
1823473
1590379
1236799
209881
1354471
853176
1544698
1815098
1689175
1889153
902313
2032981
284646
2073579
1608292
372442
1190784
1990331
1463342
1319135
1846301
1075750
2104183
92286
2065647
278023
540753
1855345
638821
1156222
753091
620893
1435800
1272708
720222
202798
40893
1524332
271187
1081191
1574810
792832
1619021
885314
1183816
1691843
800860
1802073
813864
1394681
1129289
72770
1778854
1478637
1659816
496545
616576
2048948
333278
1599929
147225
87119
1595434
2053676
2032431
1341810
436016
37884
286662
1814886
1996266
1815134
1718896
1517134
102074
870826
1458251
755382
74915
1844641
419819
1466835
1209843
189535
366608
1744478
1136829
201672
1573153
1168379
421391
680010
969417
1545719
475974
361435
1994984
312338
1742559
1854642
210317
1651640
772808
110493
1220772
2074970
157977
1854031
745100
1051213
1893743
1458287
2131151
2080100
608942
1329729
1065564
1726492
1558609
903668
1753662
87624
1995018
1068021
650609
1501289
727665
1932247
435215
981552
352570
1408858
1840627
823202
1103905
449161
695675
857131
857316
1746296
1397933
1542930
456051
113348
633725
1625496
1328758
1803327
674442
1856805
981225
2125941
1208334
533877
381176
1378732
1986261
1889523
1600276
410367
47806
1531481
717958
14477
18651
1022561
2042060
388847
484933
1692779
1494818
10114
1942899
1874599
2109223
1325529
534609
600008
262622
1003437
1813719
1414771
240253
1176560
1588474
1931248
211083
1256096
129781
331242
452036
1431558
270956
1012351
36442
781647
372558
583552
1449057
1981410
16295
347612
1867088
978108
117022
1968837
1647062
451787
1434459
1285919
1082624
2106792
932254
1271143
540863
816129
183922
1104913
740961
1265175
998279
761373
278494
1576175
739487
1048583
2107621
354970
1148628
1779469
1479142
1226478
200190
1671603
35487
1618720
1326654
324592
1021061
1490992
1098531
2132267
1602488
2092305
122159
1368210
1090887
1809546
2047345
1494654
2110479
1121925
276850
318458
458036
1877720
692140
1505528
586820
1303389
516594
658505
830659
985098
1213672
1459093
617462
953939
719885
1015763
1099714
130717
1004180
1808089
1636712
1902710
1515480
1360787
2053813
393919
1105851
1325961
1934743
1013279
2015074
864200
964172
1891623
1142929
1305115
1843388
229799
1393085
112525
466510
1137151
380710
2054477
1086852
1739620
1977724
57988
914035
1001145
1195483
1974416
1376195
337637
620936
2108326
1274832
859020
1516678
390130
1827031
243873
1328092
1596020
1955541
533045
386825
206297
1495601
1851620
359361
1978604
1457854
1701697
845168
1278322
1234987
759274
833386
843130
140628
150517
1935923
1655570
920449
534582
68044
2126639
1773047
144320
1639347
766985
1799425
1440998
1934467
616329
1386398
1489268
916502
1430827
1175928
977585
2101543
193413
985294
88306
1221188
341686
989005
1829095
1405690
1731556
1223611
844969
1123070
156474
390190
203550
2093855
1176839
2042133
971133
1156204
772221
1508716
209231
1757187
1661579
1732603
1731834
82732
467323
1873502
1406835
772658
1526203
440765
2042112
1539034
872332
1094090
1039014
356173
1054091
154008
583602
422777
988834
1183919
427821
1727404
1941451
847194
2061872
180960
576521
714007
1280648
1086972
1037658
1887266
1284673
761741
1722153
1792344
464203
1381857
1758193
486979
89962
93818
176523
1496320
654579
1242275
152952
461029
1284874
1545035
1342064
1885713
1903296
813057
223495
694436
1033352
1510008
37137
834492
990797
1256281
874702
1105018
1160454
1812588
1002925
295244
1405397
71672
1577193
2142490
1452834
1842306
1723725
1972061
905596
1496097
1064706
439599
2056512
730885
1690276
674854
1969103
1409745
1737615
1150793
743988
1355523
1072421
818760
899697
661897
2037689
1403756
1419871
2101956
1073507
2097361
634100
974201
112787
1298180
320711
2060217
819235
844096
471871
136997
613690
750324
1388103
905729
50799
324246
516276
816535
1918543
1650387
1708091
594084
705652
2121073
1964923
1007078
1542635
1821424
1990336
1478089
927918
419220
389768
1071109
1194023
1694542
1179228
1065981
1279165
525614
18952
2109332
835182
467026
305792
397312
2109015
1610254
540203
1008019
726233
2019874
511359
73964
1938344
1168242
143402
1924510
57315
1049701
939609
801234
1066143
1411377
1184819
1832927
681138
563998
594499
1580396
1980848
1869699
572923
635123
868008
1580618
228986
1269037
1649898
217141
1892084
861069
261020
1728403
682752
1089569
512838
195581
1914408
336572
839675
486416
1349566
750505
1528772
48487
23565
865636
1394832
1935060
2000250
1842021
1699719
277439
379375
1027298
728501
603663
1674356
474286
43753
293206
1887196
2093701
271891
1791094
221235
661895
1672784
1281505
953794
242092
1066171
1545646
524238
705190
2036828
1664912
1263564
432045
1286351
1011551
912789
634688
915861
392159
2031301
505146
1401581
1087784
553176
2071077
285330
1885291
2059420
728685
932198
99700
855551
1898464
193520
1482958
225343
1020984
588333
1493328
547979
172571
1315915
1584738
332203
879511
60005
1829364
1179715
1567080
1986649
1294445
1009379
1355834
2073249
1253307
228185
1138549
1147479
2121557
1466226
516999
1640174
90780
1204196
840955
1072351
1474865
1649171
1324097
1817003
638492
1831966
139914
784950
118520
1154642
932708
186434
1997357
348089
776418
972363
1694023
764821
1279757
865037
2112702
5396
1363054
2110757
1969480
1256166
2010758
146791
771771
1566055
1759787
2090148
1780454
1442583
677349
409444
1088118
276431
134818
996516
1175058
1112062
249526
2097746
1919487
1166468
779645
1895608
2106638
966641
29828
1371234
1582012
489454
1759316
1856127
230507
1101102
1164236
807782
112616
1577660
2129600
1049706
1838066
899263
920836
882201
270107
1170398
1722521
1379871
1763855
461035
1733182
1294839
1410426
2127463
11667
2016290
698684
581137
982052
1265515
317321
1464039
651217
1265064
1676091
1148216
1945208
1966844
182062
1598354
978564
1532081
344999
61885
1529732
447960
531884
581218
665228
1087036
756053
594571
2030682
504639
1476659
796778
495152
49176
1759678
291678
781863
1811514
972536
2105598
2087342
829401
1042906
1045810
741511
1006456
1339464
1210709
1036681
396856
1224391
144753
1151328
518970
91911
1386954
1219651
156599
1549912
345335
1851832
564661
323491
1495778
142274
47026
1264693
1073617
1349061
851152
810200
444540
2009350
1823605
2044216
18486
930119
1548208
86877
1578552
111616
522609
2030173
1162962
1275289
518575
532738
1231524
1414900
671347
314519
199639
2106589
1854537
336164
506205
953054
1124971
309146
524935
314339
440777
1500892
220900
1204053
1274607
2109885
100840
1719717
1414285
1040701
101112
1746147
313220
1243055
308686
1759368
1569225
1176409
871665
1527312
561111
306438
87250
1330555
1794890
1985438
508386
1042030
514629
144268
1455492
358542
1867880
1899699
587801
1230989
743511
1383252
28709
554470
2015031
1924118
913036
1407628
1310508
1915083
1024223
1822115
1211956
2001718
1090715
906114
100173
2111529
2109275
1272645
1183392
1444148
249522
2070858
715104
1404296
165191
2089938
872728
324907
1265187
1197902
133427
2033647
1981202
384700
427740
2066480
1525891
268227
940096
585461
2004922
1375739
1534562
1189361
807009
1125971
1068227
1416808
584589
1696673
561101
1608527
715981
1289554
1905064
764465
368794
1180190
73388
1228118
1305978
510228
622246
1949115
1814642
1853162
2024580
1902961
191417
2065856
1182531
419616
365537
1399900
313268
1084112
116234
745567
414703
185434
368469
598222
172384
885461
2046923
1994206
733799
590874
975694
1075405
1378468
1979460
2019829
796607
192529
972806
344877
1919107
95649
665803
1705379
390559
1047687
232759
1262442
60875
1132041
2023165
434878
1767123
583272
1372153
1746473
953962
1507888
1013225
1120320
1348375
1185534
494365
1769138
820266
1729928
1594182
1610335
1197054
661905
358598
1314222
1446388
262266
786573
940569
2081317
912844
1333628
2123201
1008390
1190110
1067728
675208
464877
850285
438776
2126015
252787
1955092
768714
1707574
1769425
1775864
1793511
1820643
269036
348024
1177218
1085719
248269
1440926
680955
1660769
830997
132019
761356
1734031
1757761
1218257
584394
319577
1207070
1821008
872838
1242262
901077
1636537
1022094
1864267
1943147
1875172
742911
1949037
639833
272320
1110299
28324
532002
97453
2118664
164861
796984
1757543
1263798
781694
866398
444091
1175657
117475
284701
1559503
714511
1551813
809826
1600217
869407
1775977
837473
604642
1744342
1062579
368633
1461489
603296
183451
1694272
104248
1290451
451732
6391
408504
1168124
1345935
281600
232683
2119147
480220
91706
2068564
239361
419666
953835
1130317
1894280
304153
1196459
1840493
232944
636860
867646
1313005
1575589
187387
311127
1979813
828264
1695609
1702124
1833072
1558436
516011
1937171
1156828
1332409
435527
1534695
352930
1396135
2010465
1762242
904064
835150
1375417
1712752
2142660
614626
1878158
1781902
1849520
1012280
1928377
791135
1507807
1969662
1737093
272282
1807513
1360347
311887
1940287
54003
1124182
124155
555614
1901877
1452932
980597
1622740
1648792
328469
640634
836938
464836
437618
991332
1866562
2118050
428469
820743
377515
1494078
1648403
1149239
1438066
1559267
637466
1744448
871233
571976
219354
607285
1179484
1951645
1553021
969654
1828375
1778542
41558
434239
275541
680724
1236073
2016929
695729
661928
417987
632831
2123732
219298
1212825
1207994
1813478
1863430
2145812
830180
1997113
1997942
884396
1974123
1383323
419557
853309
449473
384102
226652
1818128
1702594
1371025
1112869
282235
103854
1490523
1470540
855125
1783304
1125683
1743718
645162
1830908
611642
210960
1858691
1945413
381976
441288
433484
86287
1636564
1921531
1276275
1612540
115156
9778
464080
2050993
1850496
1528424
431052
1540498
2026084
1165818
1051996
1043372
1419733
162106
843904
1197365
1231408
829118
1494077
1974386
1251262
882700
1314347
1563943
714019
918180
1732543
1728362
2033440
387283
1478963
1534043
598709
1933066
62196
1412470
197770
463390
1832480
1601872
1225473
1810089
1746403
1139056
343636
60882
2078829
846934
1786230
1376657
925796
677207
1440428
300000
519478
819538
108099
299561
1999196
1904806
14621
1750817
274363
672453
1457436
666222
1398107
1849722
1219286
1727217
486300
1511393
846575
563452
967158
1054827
1298033
1679523
2021419
203664
1181338
446429
843569
789955
1845704
1285556
1486414
631704
1969004
692531
2068299
171039
564764
586704
1620828
552230
936909
1321157
1185581
900800
1399572
60627
505394
251704
1668241
1303067
2053367
1027364
1289218
2096021
1217935
1431713
368888
1719029
1583415
1854260
32103
77080
1478163
1486096
1095440
1104367
676449
687267
606340
2092639
545918
210679
1692493
1339877
1166060
2004268
1519497
1960465
1395562
1346769
1682588
392888
1812866
432128
310058
168942
1998648
1732150
1026866
1301459
257645
291310
174831
1081577
1840806
1150384
944913
133674
1125657
1987054
1045139
91510
479508
1152235
1234826
524040
190501
1642063
14661
1123588
493753
677184
775350
1804498
468716
1002431
1202677
1724278
1541806
1685078
1820819
1767
2048065
939313
1301410
1657126
615556
252634
1114069
1901809
424064
1372118
1949444
1223889
875971
591781
973314
735412
1832734
2129989
1153881
1546887
162181
102590
271001
494242
186766
1398465
1234372
164477
509592
2036081
988305
622739
1265467
1536805
410365
1170277
2054226
949521
1820594
1796054
799270
545998
1495222
943700
732781
530067
817897
1566041
568947
447474
968515
1804473
1414724
319387
846627
809123
1128301
1634534
542422
1712950
1725769
807832
1976403
1279132
1829913
1607809
1664213
2079611
1496474
536315
1645122
1938210
1176987
1457785
806015
891386
179690
1768666
1817923
121681
1328062
1570962
200874
1607616
1017513
433106
819844
547137
265092
1268483
1034380
1420775
1572834
398482
578906
1745971
1324629
973356
1703672
1051001
933819
1093858
527587
1076689
1755737
930810
1547492
1084299
487347
836093
1266012
1423764
1956514
1330183
1372290
12335
1381805
1620050
519308
513228
1591293
542045
1036213
228470
787061
1774937
2083403
1393268
801214
891131
428098
2075488
247241
1341036
450824
1159990
238126
871262
1829353
1428975
2010461
908093
2108833
755464
778409
1724911
1354106
1989536
1092736
1737628
1683057
543971
1714142
1938415
259745
1744508
1447989
2139656
1240648
2069145
315424
962085
808718
1555909
46899
2044433
1641316
1989632
671878
860339
80003
1015394
901882
1247492
996560
306816
459551
1659652
986890
1478931
1913844
232199
667112
1159153
486391
1686492
1839227
1149483
898551
1244161
1130649
2066040
1285704
1474165
156411
504727
101610
2099144
590134
1337325
1183958
1830619
76898
905395
6387
698054
401535
1886298
207628
431901
1602072
462986
408415
1053307
156507
791937
421132
1367634
1390579
37210
1237950
135582
717068
316690
1274781
1907917
986053
1695219
805007
1898802
70555
1717945
1254912
1344829
752775
62640
371106
1358982
1917573
1109830
1603998
554750
1632815
1626735
525993
764238
2133708
773753
815860
189529
722279
880031
1309950
1658696
1061744
598551
1215233
390306
1069354
1618456
1052185
1212224
1095042
442371
1172687
821414
400072
1567137
1747561
573209
725268
1111663
877560
1880951
1598906
1326199
1712937
1128530
538427
1945169
575081
817981
2024362
328120
377377
1966353
1254657
1340028
688258
969056
207833
500921
1609728
649569
66432
481830
538234
316130
866911
169640
1338211
420274
433093
1603621
511509
1017742
1336920
1299416
1826656
731319
341570
1177528
1698569
1577096
580002
1328146
1615976
1413262
1202343
650821
1600045
1346773
349989
325449
1196522
91817
975766
1735678
609238
880576
1523304
1157738
109962
1636451
1981566
911671
747578
1959277
1651801
1875042
2043453
1983862
599156
992162
16054
313309
1410631
1172729
1554262
1270072
922154
196599
773925
1721979
244234
1031974
1893409
1530487
488917
844633
1206730
97978
2144276
325224
460965
604237
421765
943366
1143612
1677327
341545
1370693
1468859
1652290
1022455
2131382
503980
1955542
1622003
911217
993808
1666535
2054533
1100904
158989
1020386
2012369
1201130
995659
305237
1064466
1971212
1854733
1888398
844584
1119177
413893
147395
1977101
1835985
1713915
333177
1753155
463455
799274
750481
185578
626546
141775
979983
806166
453550
1935364
1600125
53404
1539703
1458776
1469594
1041676
1050603
659947
667880
2068963
2113940
291783
562628
427014
1777155
714330
928108
50022
856825
1118679
92676
842976
477802
1894339
1640649
2085416
746471
1245243
960462
824886
1209134
1593813
525215
1559339
1581279
1975004
77744
1453512
177039
1514339
659629
860487
300339
1356088
1302474
1699614
964705
1942379
124624
466520
848010
1091216
1178885
1582591
1299468
634650
1659743
418826
926757
296321
747936
1479821
688607
1473590
1871680
395226
2131422
241237
146847
1846482
2037944
1326505
1626565
1846043
705615
1468836
1220247
769386
359813
1299109
67214
2085161
1802407
1006987
399640
335954
920570
544171
313563
1682653
1948273
733573
2083847
212977
1547334
612000
667080
1758760
112603
417681
413500
1227863
1432024
582100
831696
1263343
894781
171657
651966
1316925
914635
948678
1302139
1983937
726310
1102671
1094047
980225
119959
605545
1714991
617619
295547
95050
1681963
2136265
2030887
533503
869768
224512
509479
2059756
1712559
1704755
1764067
200630
287352
1935083
1534401
315135
1500881
402325
1020360
362739
1290918
675503
655520
2042189
1863808
1033174
775018
443449
327915
1919391
1761941
1696570
1292734
1726486
762720
171920
1261647
148101
148930
1315863
231
282613
332565
938049
933218
1926745
22311
1513212
1728056
1484115
1450314
129114
909970
1465319
1870502
1711804
2104485
367501
317668
1176389
593022
194398
966559
1538758
1926689
1574067
1274810
401595
1508577
586776
707977
996804
497640
651965
1768528
1325300
1717574
27993
279481
1154711
1708425
1681207
1309105
1505409
1817574
497251
523303
1165446
693111
244166
1590429
2021888
1021861
2092040
205756
1834156
785696
338530
1873761
408950
176381
638236
1354908
217666
1133763
296523
364141
267885
1531417
3383
433291
770626
1310893
1241979
383801
135578
749908
1793113
611348
1710516
813634
989215
208872
1630032
587607
312971
443919
450434
1317779
166230
1834916
1958656
570454
833038
1278397
1509183
1913099
305550
949584
1841890
251763
1015726
1192208
1726377
1906682
77479
2054337
1665823
26896
1913360
1864443
800108
977919
1737539
2139652
1694311
855592
2041795
451771
1962592
1542747
684554
1777410
1083464
401701
1541401
1308570
370066
1276636
545826
1336217
594230
1431532
586540
1861342
2028568
970386
1701952
1279645
1364349
882245
388500
1349059
1981182
27379
2048590
1614041
2117719
1035744
1873723
1506210
197006
1403132
270871
202896
281776
1123949
509506
1244966
903781
1273205
325035
938973
1826466
1561649
927786
388282
412012
1384687
2014024
1315046
485274
1465088
705117
1897774
1060324
968825
1798019
1877007
325400
352532
370179
376618
438469
1377329
190951
1893256
20028
1707267
1295758
1681166
1470835
1078315
955933
1137653
22842
812415
1233199
64726
1205474
1359470
1883777
699655
831821
1787445
1484138
948989
535708
551861
416115
1325777
376905
1651678
960509
797668
1025723
1132818
638155
1192081
399570
773890
1562771
378920
1711165
122878
1014002
2085168
883601
1913284
1098356
1755484
440664
1480240
2050394
226936
1801166
1173237
1953514
1349436
126214
166583
767575
1070638
1170349
1555169
1412244
151837
99120
1260582
1973659
1547821
1777574
1960609
1731340
1400476
2029809
1061931
1832775
746143
1780506
1726427
963512
80187
1954626
243082
121463
292881
331401
196928
1523797
1635815
840065
917925
2072655
965853
1777249
1381578
240979
856489
1430062
537516
1584942
449370
1561454
729235
1077816
1020072
1339034
956682
611481
770304
141121
1560582
1205947
1877816
620152
79563
1718303
1761343
164841
112396
2012616
948141
880856
1821136
1273315
56105
1980852
741747
1430939
75185
1896521
701895
962651
873398
36768
34514
2045870
1239929
1055328
144325
934087
323928
1121820
230960
835535
738415
1233007
221925
131012
1591573
2117334
762791
1402532
915054
1558242
246344
278163
1787501
690551
2001775
1631414
1104013
1637657
160605
351153
815488
2058793
1839605
1584932
618731
1274378
969634
576818
386675
1837357
902988
1832823
399896
2044931
1105342
731758
426326
2045203
36158
871436
941990
1925143
645151
1705266
1831704
1621108
1836897
1021072
1192989
1639838
1809879
291506
39454
1946404
1831524
1474696
731143
914519
1613305
1627468
870754
983081
115870
1623434
2034427
567491
2059166
597835
1215924
2127557
101827
322438
136693
1701503
1335843
1294891
796982
1072426
881350
2099017
2003769
650265
1822552
1581382
294211
1800708
596131
1989444
926392
759089
2054132
1627073
994715
2001290
921652
1749187
1109362
935334
806579
1139587
1404532
1100233
1103137
1316642
58701
40445
1173507
334529
1364180
1854365
386365
2096867
1650891
1349265
669384
1641404
115361
1551472
1389990
1059007
1480815
1564825
1614159
1698083
616311
2084158
1801044
613962
1167479
547689
1963981
179199
200835
997827
469952
880979
1494826
682004
1828722
880528
1163991
1564906
1447359
129753
2134376
18580
735617
851204
412861
1685008
382188
766172
423522
975645
1875936
1263842
1225207
1246780
307977
1096337
16443
568383
2033427
1338261
981807
1044941
1915536
289916
386727
1656589
564031
774809
2116215
1179402
39405
250435
1366398
979575
226556
48297
1896517
1033981
970985
1149527
2011225
1869612
1057925
1736599
1468694
703460
365589
55895
386256
579988
1374272
1999252
135285
889877
176563
35286
782989
2140647
33341
1281006
866286
1381222
452020
1173680
1369625
1797954
148686
1959609
1213335
991401
2027523
1361093
2006129
314077
1507551
329040
821946
496872
671178
1073692
1305088
941847
2055263
505869
1629044
679817
24486
998564
1007494
1917858
892736
72794
790209
1136664
851598
159394
578963
966328
316679
2086038
1266532
1813840
561305
830128
1973472
1598064
652715
1557710
1125059
1920700
663085
1952523
247579
1290492
2046343
1213845
1417358
86623
260752
1860713
74966
1592867
1058259
744462
1640897
114742
1753884
1230182
1511355
1233254
1134492
859692
1713998
882479
481131
109215
1440853
1621805
600397
1079872
1903951
1192249
864538
473259
1484148
1924808
354949
1874152
52342
258847
1852837
2102290
1671757
471687
1542380
1417542
1118745
1766668
1868604
446324
304022
145793
210983
751211
1280407
2122478
2097556
617271
1395538
796477
1659627
1306368
1809471
231635
1950462
1633205
1056474
1463291
417640
1885023
1284974
253959
1928902
496145
877006
1917057
565425
1278035
1510920
1573120
276344
165195
565647
1551544
1582045
1464905
313116
961224
734666
1079900
1344809
1206434
1096342
2088728
221533
2002641
977801
207699
2072079
1634684
126169
1419810
1138024
1605840
535789
37028
1748731
1840251
1679017
1310861
36711
2127091
1620429
866878
1080062
966815
451501
952020
1074934
1756275
1726823
1218125
667954
155707
324619
603408
1138965
181120
24970
1440391
1551959
437952
495656
227500
1329508
1629767
1821797
2095244
1240314
757940
1395719
1532353
2009046
1674172
1301947
1326808
85826
1825332
847863
2033256
1171842
1511943
48682
1072536
44087
726172
742287
108354
1484146
1246346
1327283
1073622
790520
1402055
995250
408428
736298
176940
1471189
455767
1415158
89531
1706444
1081337
649946
1240447
173982
422318
303737
693209
3553
568850
2074371
740646
1850799
1143118
333455
985589
1041025
1271341
889762
1155246
1311551
2108906
636035
1112691
1451607
1922548
1332986
242747
260330
803979
601008
861169
1685014
1993091
903768
1491464
649723
1969520
2052225
2056081
1659064
387850
764186
1681840
353699
423890
1384302
861370
258777
1108385
1059071
865395
1432036
1569522
1965083
84171
1298849
204592
418639
1718222
962124
1157209
1723266
1562441
1992035
1091952
1789870
1107029
1051953
1273711
607009
103931
1705278
619840
1373385
739208
272541
1678720
2063311
414209
413440
484464
388856
1936812
637327
1373822
989839
1174910
103910
969204
52188
1942493
1755853
1989569
1022973
1301074
922432
414487
740353
316948
1157038
1804357
924855
2057737
1160749
1952630
44500
1168458
970115
715216
1229541
656775
759645
1529714
211576
705045
346618
1379058
506696
2001723
372996
19404
2077999
1611461
1225594
490473
210120
1995526
2005415
1302913
1312657
1386769
911056
867721
1300875
444346
688189
167439
1786682
294423
650442
1939746
1759218
1612998
190502
550023
817951
1902170
319012
1755913
629365
1287023
871211
37717
1525107
1808406
769848
171627
950560
1144898
1232008
2088055
168319
406423
1059191
91566
1765333
1008892
1679533
2033518
752958
1916244
302655
840928
1003114
254420
1181871
1281843
130969
1132764
211300
820082
1040192
1752124
92230
785256
630563
243333
509331
337954
1141863
2015326
1046329
1130280
1426158
1192104
1528581
686950
932371
1160945
1315384
1487538
1629449
842654
1559223
640515
1453903
268323
1688007
1827585
1869193
1024118
35564
651389
98698
336497
1055156
777833
2023884
53738
543555
13776
1047512
655051
1124982
1821451
819389
527323
2110556
474440
1945853
919565
666901
366574
997415
1791073
38422
1097460
1406556
569868
1867549
1384670
1147764
880868
1405082
1041130
1962121
1329914
1605180
874900
1213789
39251
1063419
860124
711584
1694256
498981
177206
2029021
1167935
278955
1798431
2129748
164633
696986
1562491
1773485
1364396
2109601
1133692
1875087
714485
1694007
1814801
2016262
889947
1934960
214795
557569
969483
1905790
731272
332324
1142606
1883421
1546035
1611434
820514
36820
271444
203144
2135929
651225
453264
1661110
1757196
103983
1123482
2127392
2131566
1428085
614562
2098237
1735676
545767
256520
159782
767311
1764867
1612166
937709
20102
1164818
289238
1471601
342716
817285
520547
1512318
2032695
1689992
603113
748110
399747
1288727
1288912
1450368
1696882
1042138
1322841
305416
737185
1793473
1164491
1710828
213796
1418378
644754
1495434
1078022
151025
2058419
392381
1242375
587434
419551
1080479
816314
1537101
65943
14892
687756
252300
1094830
1400943
292012
1988066
71073
925271
2035550
1373235
494403
1935726
291401
403484
1833705
151059
1784608
1670069
600324
1176626
1466033
1724652
977664
572890
1944371
1009214
401565
1779435
1956508
936200
679208
1726224
301402
2071128
1390661
687792
1275217
2043969
628909
427147
330909
149777
331157
1859381
2108159
1710027
804233
113612
92367
550609
2058924
1998818
546114
1812765
97095
1529467
1649498
486227
667406
367189
2073273
1016754
751362
1332179
343970
1345183
454200
962227
1260729
527022
1353211
571233
1064852
1874856
621711
2105150
1943245
1425821
873335
710243
1525150
1392952
989821
1507222
290698
1605290
1868020
80396
2053757
41860
1070293
299742
826908
682701
155712
955259
1773601
537751
72464
1861397
113062
1243730
256890
456868
330945
601345
1292867
791572
1936162
909244
555664
322570
2074559
806673
1232422
1121612
723230
1433352
111752
409957
1852503
446758
1232027
1580104
72705
540456
919910
1050471
16580
29972
753517
46546
1726720
1415223
1035306
966626
2020963
1942647
1151776
1973730
1512422
528869
1339144
2075194
1517653
2124237
1567391
609888
1802680
1932750
939695
1309930
1115497
353999
912330
987184
591540
1369955
1846726
1017349
427967
1138986
1361811
674283
553225
276149
489986
446307
87163
1664307
1809921
118330
1216450
2135208
1254357
2140238
1276144
249800
1553808
898875
1137704
2011903
1873898
651613
2124132
430516
559892
127692
1128323
1235113
1487353
223307
1409529
2068855
361247
1290490
1200909
791097
1410252
1580527
1667225
1034147
1543910
1676390
1261588
1432255
1183391
406027
1291414
1022185
1460533
1859362
337237
81075
1357867
1655066
1794202
837000
1735902
379140
1384709
956955
101255
191779
1110498
1934155
560985
878600
1115113
1400971
997615
981571
1956856
4676
1134962
208387
652172
200378
1335941
1795428
1355553
1464400
1057893
1598293
1893128
1563435
411937
2116617
1051017
1507656
290031
539934
388100
1871036
368014
632304
87218
129296
2077404
867210
70174
744907
1109231
1410324
1081039
738892
931596
508261
742046
1855798
1936806
456261
1952141
650848
1055399
274270
1517451
1078602
1047468
772584
155360
514414
1794196
1604673
1094255
626126
252038
1092280
1522700
1640158
267852
1229499
88545
21334
225737
1591056
1081405
1138700
628625
1745479
731558
1485258
76910
1821657
1665020
1588790
1483707
339217
1614817
2021527
1275904
1835624
759565
1301326
1924268
898228
884175
619946
1499883
682638
2075044
1246504
509358
736007
64454
1074181
1855822
562457
1405466
179873
1334991
685287
127874
1569565
886432
591533
244746
12345
748880
533857
1193535
1540050
387583
1176580
287600
218110
1367226
1423952
835687
714474
1210826
1896119
608906
767629
588753
433213
1720084
1276661
2083491
790012
1194452
189666
1652951
1005638
1698426
718824
450636
239174
1552271
1199602
1279178
1576129
2043909
1158765
601712
2009091
2053204
1703305
1318155
959996
78155
733161
1676474
1133033
1212379
201877
352114
2110476
968116
438563
1824466
1897165
2132978
22352
48782
312810
1441110
1836954
623905
27334
255242
1507245
1817887
2131553
1871991
1804916
2100380
1756480
1762036
696816
1650839
498687
796016
1717151
1371159
1210582
1591968
1750179
1880762
1369927
1746586
2103905
496303
917183
125421
1489871
1553523
1216775
860287
1511084
1765463
386836
688722
1395032
350811
1588079
1221974
1608873
1463256
536766
947899
1038400
1601035
1152855
91859
531002
433337
907648
2040079
1216680
1578250
656277
964027
930039
1040794
140985
926419
1044526
1030955
858198
668310
405621
111877
778769
995002
2000276
1179178
1148430
1288914
427385
241119
473135
1934151
476792
948608
461532
492235
1462672
604521
1364570
1946652
1315367
1441458
1250270
177874
2103468
364065
619136
799869
1893863
931651
1926865
428192
1418602
1176629
2003644
1554690
1613200
126134
997664
1801608
749578
537146
1734272
1634108
833308
1311785
1419714
723239
591993
1160565
1391427
1534696
1767212
568167
200150
1951154
910916
271380
27707
8188
100076
2105666
358396
1717835
1118740
1125934
134613
496084
896766
2013024
1415417
1635065
62626
1324674
1793905
1252337
1693281
1086324
1598034
268533
1255096
1683937
1841745
1391610
1683758
762026
1934515
160650
1191930
1181714
1504929
1085887
1396448
1336482
1845300
2145477
1590104
1868862
1162483
1755966
1804596
2106490
1071729
545430
878084
298452
2105381
131636
652636
2033435
1004968
1568725
559791
687205
265785
222362
67601
179613
812935
1325975
66142
554810
1584976
1445381
1039567
421533
134381
1532843
1935038
90513
1396921
1395573
480204
776582
41102
593861
1944226
83770
1212513
752059
1868426
1776940
268515
622320
841348
1792803
1680730
314105
178990
1163633
1195557
20773
223269
66598
1691013
2073365
1069406
2124607
289483
917879
1502345
103454
740604
1709706
2106973
975985
1875511
48639
448456
98482
605141
33388
1411428
1123212
1593747
1807111
425958
61708
1971959
512154
929975
1551546
1780366
950728
351392
1384770
542533
1017865
2095944
762282
876809
1732348
2020004
1277058
970575
617952
51095
7099
1991889
1219637
713714
1497234
1379379
1079745
824476
1775376
1490937
1905753
1923735
1684402
278309
1020834
1990743
525328
235034
1027459
488496
1917341
958150
1278627
100786
1501592
1039049
259060
1578958
1935367
2075763
583868
147797
375169
73923
752412
1586628
1004709
549656
1646272
1650316
905667
700435
1155256
1201654
2048381
798367
897658
823605
1361592
1058595
2085019
859539
486671
505389
506528
374842
339703
925901
1979718
111432
1183546
2142798
89150
944999
992099
1198585
314614
131651
865169
367936
1631728
722742
1390697
1567625
1860309
1109040
1138866
573109
150494
1533462
900664
1973383
981872
1334308
1199827
687291
1066667
1394709
518134
302354
134959
430324
1439499
1353042
1733388
881052
945871
986081
1988700
1264258
1248932
1615687
878806
1093255
1766142
96127
1340917
611755
1328099
2047680
1025242
1863975
844227
2067291
211663
1998333
1800141
1206634
38891
1290836
1601791
1406071
1971350
112239
1165496
664135
1261423
914153
1657051
270153
1602403
1590589
70332
1638301
686238
432984
1571901
332373
413421
1036361
1042635
2003979
1544348
1518814
1645461
1986573
1287536
1879207
287370
1430938
610382
1291009
1683308
675593
1184253
368071
643364
388124
1052356
2120130
297685
2082380
1921908
1397864
2045665
1259599
900180
1781510
2113666
1337293
1802803
900639
681768
997533
194374
1644242
743680
1928202
25538
1169197
770200
803431
841078
1927465
534566
2052834
833930
2023072
1623940
2089756
235138
1228558
1515513
1413041
423466
443419
197938
264842
617705
1821059
1706566
1330659
543242
361776
1320605
834237
649722
784258
1688276
1110809
489279
117490
928883
122285
1644074
1968053
863768
102290
846367
1244731
111873
1777997
2021458
1352006
29169
447848
1103253
409689
1559114
51463
1017889
998995
773725
2116334
2134105
1781343
1434739
1988511
1486706
1122562
245819
836852
1485582
243202
1736288
215570
60983
15552
717076
2004204
2019764
1024219
1185334
345942
1968255
1038659
1058496
197098
1041001
696124
203575
907617
787894
1317055
242658
1191016
440888
1802353
376289
1762296
927439
301195
1403516
291123
851357
645744
1397527
305519
1424175
777231
135045
1027450
580140
1584702
1784044
62827
209372
1008476
1130927
130684
1212794
1750589
1629430
1676215
1511805
1218818
862663
320375
124328
767981
957425
200227
227890
975045
618488
628327
2024252
173749
1207053
802453
1516091
1701605
452311
316512
1223729
1016792
1084992
1959659
721169
308650
1496031
345732
715694
122779
1185778
617024
118020
212267
934793
659094
3596
1018416
2092682
566061
1273595
490858
1547340
1911281
98166
1291613
651857
1961293
498807
2077792
217643
1663234
1905368
1886844
2086002
429160
112308
240305
1786445
313187
2023519
1271503
2142674
669298
1230958
393403
821269
634320
211352
1207172
117552
1890912
1962064
970694
1822653
854061
1723261
960788
1470983
805088
791190
1605797
319202
901330
1324988
36101
628384
228517
1945829
1297162
1336541
1909841
1922818
636839
1521249
103815
521317
1279795
1175593
860344
1173659
1784578
1445031
726097
1956086
617048
424055
539625
2029402
2038671
573077
1417089
145269
1597354
1574933
1678050
1328474
1648512
675349
464439
197655
368195
1150135
971610
867225
984739
1158984
424914
1618102
2115263
1528657
1996104
1213790
792153
585977
1239249
1609199
2075104
1381212
1626781
820900
663759
1891006
367686
1083688
369575
536201
233873
1004279
159759
1163400
1781765
1267218
1542003
1372642
822078
1137400
209752
55340
1442808
146384
274175
1143972
468344
889689
296245
731007
1290205
518655
1407667
1601298
338011
2058080
177249
899567
438145
1806331
850061
1763821
928690
1367693
1722135
1591443
1590162
2117753
1039877
750674
203280
1099843
1415630
752494
30415
1951674
1604491
774690
1769105
1256047
1088512
742941
1846822
360805
636919
421109
276274
890802
356430
591717
548192
1026181
1386097
1953660
1106504
1943919
336421
721368
642718
1791219
877442
645526
91564
583232
756120
34245
1981054
1930365
1444915
1772554
383444
1879205
660577
841007
528136
783127
1906692
415031
997190
897703
152564
1915623
1906305
672051
1874056
419030
895555
1601976
1892608
1516460
756807
341322
220927
796937
2001826
2086069
746715
2000969
1340999
746855
1303508
581021
1392720
1635338
603254
1487191
1769999
1249009
2043840
912586
30704
843897
1660937
1487494
1426111
649423
1243099
638663
510045
762101
195002
1123137
892796
1413593
852697
688934
206416
1274927
111330
1091086
1349126
640679
865884
52414
1948986
163359
1147275
1355548
613565
1557265
1102751
824955
735138
1166260
1108346
992507
976246
1879385
1046091
2033693
313484
1632873
1001158
1996151
611635
148581
2069549
1198798
693669
27340
696566
637249
1463792
1188352
158260
607240
1572418
1367838
1543094
1040736
205369
325089
472012
1331994
1993377
628552
1922883
2086100
587736
1752808
455615
222870
1433894
599706
2039126
907922
292356
1284023
2125676
2043643
1097121
2076358
621539
1611655
1677281
1094890
1877355
965579
1436486
1829430
780253
340475
2030883
1338074
261663
1046595
1052272
769576
252541
82791
473521
1030155
485403
1775132
472780
1772438
672266
1216841
423465
1955009
1164987
208117
498284
1023285
501299
239649
698502
1123386
687497
1534254
1693068
100946
1715484
547708
1991396
807129
485448
84350
413675
1178682
543481
1743799
1339578
1492451
1008918
716818
544271
889395
1930327
1163707
424915
1872567
866477
382647
734350
9080
920740
777263
1652808
864365
1878904
1015725
2008912
1499187
477780
799302
1176819
1567541
220314
1672269
1101980
609297
802996
707030
774878
84043
1058908
1063506
1072730
352081
151426
791818
818677
961523
886091
1733233
456394
811947
302850
783899
2010726
1174858
1580144
535495
1029170
955340
1176369
898745
887374
1469567
2074786
1177000
1996973
1247296
1844597
1807904
1425067
44382
507927
288443
730733
2038837
1193349
396880
959207
1281766
1282395
496120
77630
672748
754379
2079566
690759
90238
1709625
320
532647
67431
1055838
752886
881235
465010
1110446
1908202
1560338
1508316
1450149
522374
631304
1145781
942469
1755635
2142542
194625
1015840
1871392
1774913
511386
110690
1821679
1616889
948075
1230787
309079
1510064
58743
1519685
1767765
1227902
379917
99443
1921452
204124
1287506
986592
1292368
2009022
649053
1271584
2020686
877780
1384641
1024397
635140
214560
1558985
356211
381253
1506577
413742
1902408
1101081
1655044
1073959
584152
616793
417415
1796767
162331
278633
714603
1571855
1217833
1277179
834092
1570995
875044
2009241
227513
2075936
1645797
1967732
429623
1587296
1641993
752338
512593
386337
1264600
2142103
1504858
1392177
617408
692833
793439
1985137
354069
857727
1238700
2047414
1622519
217873
1323266
1243595
327718
1323722
413600
1417040
1010780
1329967
602396
1364797
824491
2815
2004907
379408
913462
2054310
54958
880043
16601
1042453
118176
22804
96854
525356
1711383
1363216
1114950
1128747
1806160
361837
2055896
1324094
969058
851665
236961
1628415
289221
1394200
1128980
995323
169037
1050887
456378
635666
963755
343584
1572806
1810462
1445861
2001535
644059
1655793
669850
1271440
151884
1875136
1886494
582369
1132962
914368
1294795
86738
366327
1248630
783600
359277
609012
1504090
821547
1100835
464740
1119139
1859572
1825687
1205159
1396826
2112123
949933
1909371
1843118
355543
505311
1401378
2117405
224220
211970
852561
2138086
709854
515912
717977
1139422
1302737
580275
2024777
6434
1956786
2011919
1117553
963839
1553339
1175529
285361
1801329
1603872
1128074
1121599
1980082
348665
717805
301281
1780152
1718179
1967718
2054972
1944332
1251718
1685266
1849705
401588
818199
724144
118540
1032058
1965627
1370197
97635
1681375
1033518
1419759
890618
136722
1257022
1075278
286395
1874124
1944540
412203
611683
377383
1658881
1040190
1149735
1828749
1443414
589744
817583
1534433
934306
1172360
1280533
344751
1920890
699574
647271
1677192
132655
99468
489094
1656466
1417764
1117097
861725
1792097
835265
1537049
1739789
412691
17384
559380
938805
225026
337053
228633
353812
1518813
1480163
62206
1964254
1294463
1925179
1719365
1877230
2061916
1550424
106054
808944
619257
621483
180265
617200
431935
479002
1262402
1339821
71501
1284475
961720
801602
2049910
1720225
776229
1969172
788817
45595
1678885
2107707
941675
1764388
1176312
1174061
159747
329614
2101290
1266966
751358
2048124
1711685
545814
2066926
547678
1409102
205796
277310
691001
1446157
286046
1099911
1050434
1786095
1654174
437179
1293336
1069682
337011
1049680
210955
85654
401663
235909
66713
1140358
1179578
1184898
1337644
219927
519323
633082
1226748
2091390
1897350
527853
1837681
1218442
497656
692186
1205857
626231
233130
190632
927614
1865399
282224
449600
269057
53479
1119451
387234
1027831
1068640
699774
359576
1743303
270340
88920
77891
1836371
1725149
247975
1300680
374171
1160295
85952
1781295
365230
269846
1051251
1271607
1928102
1761819
1789115
421711
1886758
177108
1026505
994884
814133
1160776
624999
1741827
1274399
465250
1103504
582586
1977472
438962
2047720
664257
949110
983269
1869205
1567989
1769455
1144907
63123
5525
947445
1408680
1643617
951317
1780059
1859298
1014353
2067432
1848444
2052186
1446828
172260
248894
1789264
56322
1954185
1632736
821352
37167
434851
1545978
2130737
1242608
1166536
1532488
87031
1985439
771255
1594167
1208673
1685914
148532
327726
1116635
1243713
13965
1013831
62650
1718657
1100826
437681
356842
1675148
650461
1068885
118339
1249050
869216
1130372
1499460
1830464
11576
212794
2020936
995358
56608
381310
699540
1408386
2110184
157724
1017464
340393
140335
762345
128239
1225689
618665
1180691
80700
813051
1068368
299907
1985149
1424261
379503
593219
190560
1909699
1230518
2044731
1354319
357484
1856694
1521434
1530401
1330086
12343
1000122
720140
1321657
578927
952638
1823256
1522731
228860
2119476
377836
275409
896843
998890
1377419
1685975
671433
354020
610056
576170
942426
1804426
1730718
1511318
491032
1142986
777525
2013055
459530
1735590
230318
240759
1878262
833783
1663345
90958
48932
1206233
1445991
663816
1527782
145394
134604
425807
1466127
981019
169577
1285691
1616709
553334
743482
1190707
1549766
732093
1482579
1060181
1059549
1218790
1490600
404546
1370281
1125396
1583793
1483991
1685542
774964
1837863
1096607
252449
528431
1543660
999651
1435338
475443
97398
229730
605228
1835617
683141
351294
1118118
1172930
60321
1043871
1999182
774107
677943
180938
1959436
443355
809979
332325
358802
1573571
399408
809792
103393
1154000
2061777
513259
1854060
1098959
236013
1361668
1816687
1394046
408662
139723
802404
1555706
980629
1408016
432789
1512441
1757845
1105855
929697
1324306
80885
1916186
1402943
1252257
581075
1288969
1665894
543335
2051196
811061
1832282
623322
1645424
2034412
992580
728520
1975594
1297539
1167138
1654708
1466867
751559
599967
1080156
797063
474815
1576796
469099
2071812
455923
1373824
669279
1860347
1846874
1462757
1754639
627419
1317875
1955034
1631973
504058
1320954
1625604
1085102
918652
1432742
266705
554155
1714331
458541
1952773
598336
1085518
1646245
1517136
780619
1104501
489915
167664
1676245
1901177
141364
742916
679861
1333753
1347786
67949
441388
2145879
15815
1749694
1288520
1077794
393577
498401
1031477
1172456
618342
1084836
755145
957066
1427381
1610137
2010809
470304
228968
1956497
1801806
2122968
1955751
364248
479907
1824773
921135
1415396
112505
1429396
704214
1751644
2120703
1769153
1463497
228849
402556
549228
615586
586144
703479
934963
739906
591402
1576786
1960089
204371
1745306
396828
1697904
539791
1870499
903299
1791263
1135837
323433
1304984
286611
232830
45450
1119100
1978844
1290196
1287277
548624
676405
394678
1247714
1036468
568713
1185312
1862727
209965
1976346
1204065
236368
297665
1332547
1444729
1270442
955556
1036104
62007
1668813
455133
2089094
83143
516107
1142932
1537751
2045700
1315826
1393352
654825
503615
1405843
1362621
293661
1501241
1099572
448743
334382
1139526
1702355
1878485
340554
1664377
353482
384404
878719
1201828
1197200
982043
727285
702259
1014982
1056546
1334985
1894628
280924
2139644
1133359
1247908
20384
2072260
162708
1039793
594038
296755
251406
600890
1480925
2081201
2016251
964523
582307
875287
1464326
1511325
77358
746162
695526
1261070
1039338
820569
772834
106963
465380
551882
237031
541275
1817760
1339225
1111109
340621
1213817
1359084
1844891
1954250
432623
527674
2097842
396660
1858096
2107059
785664
183699
1118552
2040854
1201147
2093563
790253
386269
580856
616834
1135368
511160
2108721
2064672
1080783
1732484
823174
1810118
1757288
1986576
1815672
1229649
1179138
187121
1274436
219925
892001
2117111
372171
257554
2145573
304091
738074
873157
1410434
1887951
713605
727577
1352199
1292244
1371589
1340886
403085
1034504
1632961
696942
1028633
421171
930492
1820058
1531565
910140
1976426
162015
373858
575773
1354074
609570
1243113
1454366
1296843
1958013
1614158
1082475
481026
478731
1944155
556076
555192
267211
1329952
737659
734785
1185676
1209703
748652
111661
2071361
1873463
1623264
296533
1034449
1973969
601410
363783
2017185
901235
1568766
1516691
1562502
1855645
516315
597866
1808846
134386
1649850
2070877
1482627
994614
469101
1598752
2022940
848520
1881660
1328499
1590202
417450
1834558
435033
1728518
530686
1208362
2062291
1997615
848230
1521606
538530
1570220
1708838
1929215
1538667
451312
1084871
888996
1303136
350673
928903
777489
2075979
777035
220546
1671987
1250928
818047
898261
424057
1216962
2128560
1593290
166070
255266
1511456
1897942
2018130
861355
1637894
959848
2000814
606113
2043019
1741913
1643786
901766
1768443
311707
792287
2074693
1313072
1075070
666361
1434045
398887
442337
600569
276382
28420
1064654
1754052
1055176
1591445
388607
1960890
1423033
478799
1789694
2060559
591377
13411
880304
1524784
1883025
1017583
2020290
1003136
347826
1954369
1333884
1580214
1030335
1377829
2023730
1157184
778797
673879
826765
2000489
1142902
1380432
1425602
1808760
1178438
278372
1166015
350193
1295236
1505828
208282
1284524
1942655
1132988
1571579
551524
2109801
1251677
909369
759557
509444
1370333
1312560
1593582
1967603
320073
1367804
810586
2083332
1040958
1773198
1906236
2015974
187302
200191
1377434
1871603
404485
981107
1308188
629646
1129970
1213665
1460894
1203309
1906854
1383333
794924
1088667
1540209
772527
1241936
808731
772489
1952193
971401
577830
333886
1342618
1583199
1136960
1544423
1601078
1129736
1605104
473035
883491
1321176
1129213
789123
1925148
329390
962143
126173
2125564
1156186
708462
1183736
21820
1745408
1424097
1718203
986373
47927
2036661
162886
891707
1435408
592828
697148
113457
830486
789739
1004354
660936
334200
559020
1001682
882401
552979
971246
1101551
2107301
958556
759546
1188346
1934672
1558197
395046
496021
779119
749924
506477
813676
247849
597337
