11001010000110000011010010010011001110111011111100111100110110111110010000000110101110011100001100010001001100100110011001001001
11001101001011001110100001110110111000111010111101110001111000100111110100110110011000100101000000111111001000000101101001111111
01110111100001111000001100111110001100110100101100001011001011111100010100000110110100010101000111000110011000100010101000001011
00010101111110111100110001000110100101000100011000101101001000100011001100011011011010011111110010001100011001101111011010111100
01001100100000101110001011110100010111001110100111010001000111010111101100001111001001010011111101101110010010111110100100010000
11110010011110010100011011100010100101011001000111000100101110111110110101001100001100111011101010111100111101000110110011111111
00101001110010100101011101010010110101000100011011000010100101001000101111010101111010000011010100110011001011110010111001111100
10101000111100000010101011111100010000111101001110110000100000010100111110010111011000001001011111010001100001001110100111001011
01110000101001001100000011000111010000010110111010011010000010011010101000000001100100011010100010111110100011110010000101100100
11111100010100010000110111010001000001111101000001001001011000111000111101101110100011100100111101100010001100000000111001011101
11000110000100111110011010111010001100001100011011000101110000111101111101100111010001010011111101000001111000100000111011001110
11001101111101011000111101110111100111101110111100001101001100111011100001010011100011110101010000110111010010001011010101011110
01001111010011100001110010110001000000111110010110100011100001011100011001001101000110010001010110000001010001101010111110111010
01010111000100001011011111100111011101000001010001110101101001101100110111110011000100101011111000001000110101111011010111000111
00111000011010111011101111100101101110011110010010101101100001101100010101110110001011011011111101111100101111011100110100100111
11111101100011000001111010011010001111001000101011101101100101000101000111001111100111010100111010100000011001011111110100101100
01110100101111010100010000101101111110000110100100000110110001100010101001101111001001001110110100001100100101011101100101110001
10010100111011000011111101010001010100100011000100110000001000000110110010101011101001110001100001001111110001000001101111100010
00000010010011100010111101110110001111111100010111110101000111100010001010111111001101100100110101011010111101111111110000010010
01111101001010100110100100000100100000110001101000001100010000110011011101100011101001011000100100011110100111111111101110010001
11010001100011001000000011101001000011000100010000101001110100010001000011110111110011100111101000001101010010011111111110111100
10011101001111011011110001111110011000001001110000011000101111010001111010000000011101101110001010100001000010110111010110111000
10111100001010010000101000010101000111110011111000100000101010101001011101111111100101011100100111110011100100001001101101110011
10101010111011011101100000001100101110100101100101000100100000101111011010010001010000101100100111000111111000110111110101100111
10110110011101110101011101000100111101101110011110010111111101100110001010101001010101111000111110110101001011010010110000101001
10100101001000010100011110111011101110111000001101000111110100010001001100101111101110101110100011111110011100001010101000111111
01001001101001000001101110010001011001001010000101000010000111001100111100110101010010111000110111010010100000100100111111000000
11110110010110101001011011100011101001011100101000101100101010101000111011010000010011000100111100011000111110011011110101101000
10000100010011110101111001101010100011100010100010010000110001110001100111001000011010011100101100100101100101101011011101011001
01010111010000100001000001010100111010100011011101000110011110011000001100001111111110000010101001110110000011100110001100011110
10010001001111100101000010000101100011100011101011011000101001011001001000111101111101110100011011101001100010111110100011000110
00101011111000010000110101010010011000000111101101001111100010111001110000010000110101110101111111111101011101010001010010100100
00001001010111000111000111100000000100100111001100111100011011001010010111110101110101100010000110110110101111110101000100111100
00010000011101101000001001001001011011011010000001010001101011111110011011101000001010101010110001110010100101110001100010011100
01011101011001100000110000001010000100000011111010111111001100000010110111110001000111101110110010111001101010100110000011100100
11110011001011111111100000110100001000000011001111100001110011110011011110011111011111000110111001101111001010000011101101011111
00110010110001010000100010110100011000001010000100011011010001010111111000010000011001111111101110011111100000011011111101000000
00100100100100101001100011100100110010001100001100100000000110001101011010100100000001000001101001101010000000101110001000101001
11011011001000000011111000111010010101011101001101101001011001000001001111001101000011111001000001011111111110100110111100001010
11100110011101101101001101100110000011110110010001011001100100100101111000011010111000101110101110010100110100010111000011001001
11101100101001110001011001111010100111100010111000111110110101100011101111011110100010000101100110100010000110101110111111101000
11011001000000000101110111100101001001000000011101101010010100111001100111110010000010011011101001111101100010110010010010101010
10010111011000001010111101010000000000010011000001110110000001111001101011010010010101001111011101100100100100001110101011010000
11010100000101011001001111011011011000010111100011010010011010110010001011110101101110010110100000111110001000111000110101110111
00001111111100010110010010100101111111001111101100000101110100111011110110010011010111101101111011111011010001010111001010101001
01001001101001000000001011110111001000001111101111101001110001010001001010011111001100100111110001110001110100100000001011110110
11011001010000110110101000000010000011010110100000010111000111101011000101110001010100110110010010110111100111001001110111010100
01000011010000000111100110101010011101000011010010101001101101011001111110111001001000110000010100100000110011111110011001100010
01101111101010110001000110101001110011101101100111000011010100101100111001000001111010101001010100110000001101010010000010001101
00111110001000000110101110001011011100101100111101010000110100010101010001011000110010000010011011010111101011110000100001111100
01100100100011001110010001100100101100010101101111110000000111001100101111001010001001011000101111011111011001011010111001001010
10011000100011011011000011001100101001111100110101100101110100000011101011001001010111001110111010000010111000000111010100011101
10111010111010011001100010000010010010110011000111001111100010010000100010011101001110110001001111111101101111110110110100010010
01111010001011111111110010010001010111000101111100100011101000011001111011001001101001110010010110110000011101001111011111100000
01001011110011010101010101110000101111000011000111000000011101001100111110001000111110001111100111011101111111001110101011011101
11100010000100111101010111001000101110001100100011111010000100100010101001000011001001100110011000001100111011010100001001001000
00011011011111011110100110010010110100011111001111001001111000000100110011000100000111011000001000000000101011011000011110100011
00011000000000101000000001001001001011101011011010100010110100100000010111011000100101010110001000100100100100111001011001111011
11100101001001000001010000101000001100010100111101100000101011001110110001001111110111011100101111100100010100101000011111101000
00001110010111010111110011101110101001010000000000011111101000001101110110101100110100010010101110100001110001010100011101101001
11110110000101111110101111011001000000010100101111100101111101110100010010001011100100000100111000101101011000110111011110011010
11011011100101001001011110101100110010010001110010110011101001001111010011100101001001110011001110110100001101100111011101001011
01110001101110000101011110111101001101101100011001111110001001000010011011111111110010000111110000010001000111111100000111110011
11110000011100101010101000001100101111001010011011010011111000101111011010010111011111010111000101000101101100100111000001111011
11100110010010111100110001000001010100010001111001000011110001101010110100100100111011001010010111011100111000001110001000001011
10011100110011011101100111101011101011101100000001001100011001000001001100000010110101000000011110101010110100110001100001011110
00001110010001100110011100100100110010001010000110111110100010001100011100101010010100100010100010010110010010111010001100011100
11010010101010011110111100010001101001111010111101110001000100110001001010010010100111000001111110000000111001110101110010001000
10010101000101111011111100011101001101000000000101010100010010110100100101101101001010010101011100110110010101001010110000111100
10100001100100111101101111011110001101001010110100000010110111011101000010001110001000110011001000010011100000010000101010011100
11001000101010110101011111101000011011100000101101100101100011010011110000001110111001011000001101100101011001101110000011100000
00110100011011010010101111100010001011101111010010100010111110010000011001111101000101111111101100101000100001100101011001101101
00001010100010111101011101000101011111000010001111000100000111110100100011100110101100111110111010110101000110111101000100011101
10001011001010101001100101110110101101001100110110100110010001011111101001100111110110010011011110101100100111011010111000110110
01000100000011000101101101001001101111111111010001011000011010001011001010100110000010010100110000100011101001001011111101110010
00110000110010011110011011100101011010000100001011110110100110010111001000100100111001101000001011101001111101001000010000101010
01101000000110110110011010101111000111110000000111001000011011100000011001000100110011110101110010001011100100100011010100001101
01011001101100101011000111100110111000011011100001101101011100001011001001101000010111011100110011111100000111011100010101010110
11111111100111010111001101100001010110000101111100111011010011000110110110011110101010000100111100011011100101110110100000011010
01100101001100011110100111000000100110001000001010001110011111110101111000110101110100011110111111001110101011101000110110100010
10000110001000101101010111011111101111000000011001111100111100100100111111001101100001010010010001001010000010100111101110111001
00101011010110011111001011000111010111100101011110011010110010011111110100110000101110110000110000110011011110000101010101010110
01111101001011001101010110111010001000101011011101110110011111011110001000000110100010110001011100000110100011101001101010110010
10001000111001100100010000110101111101010010010111111010111011001110110001100011101001111001101001111011110001101110011000010110
01010011111101100110011010101010111100110110101010100101010111111000011110001110001100001100101100101011100001000000000110110111
00011000111101011000110101111011110011101111011001101110101110101111010000001101110000101000011110011011001001001101011111000011
00111001001110001100010011111111011111100011001000001101101001011100110111000110011010001000011001111101100110000011100011110000
01111001001000110001110110111010010100011000010010101000110101010001111101011010100000010011110001110100101011110001111011010111
11010101001010011011101110100110100010111010100011101000010111110110000011111100101100001101111001001010100101101110000000011100
11001100110010000010111011110101110101111001111010010101100001111010011110110110000011001110000110100000100101111010111011011001
00110111001011011100101011001110000110010101110001111000011001010001111001101001010010111110110111011101001001011001101010101100
11001111000011101111000110000101000000100011101101111001101100110001011000110010001000000111011101000001101000010010101000110000
10001110111100000001011000110110111011010001011111010010001110100110011111010101001010100100000011001101011100101101000110110101
11101010000010101101101000001010010100011001111000010100111110110111100100001110100110000010001010101001110001001111010111100100
10111000010010101001000000000101010000110101110010111111100010000101010100010000100011110010010100101111000000010101101011010000
11011001011011101010010001100010100110000010100011101101010100101111011010100010101100010010100010011100100101011010101010101101
01110001000001110101101100101010100010001101010010001110100101001110111100000010100011100111010000110011000011110010111111001011
11010100011000001011101000110001100000001110111010110101101111100001001111001101101111011000100111001111011001111001011101110111
10011001110110010010110110000111011001000011010110011000001010100110010001111100100001111100011001100101001011010110011001011100
00000011001100101100111011010001001001101111101110111110111011001001111110100110101001101010011011100101000010001100010100000011
10001101010100000001010101000101011100010100101000100111010110100101111101101110001010001111001010001110101101000111101110101000
11001111111100111110011110001100100111100010011100100000000001110100010001100011001010110101000110000110011000000111110001111100
11111011111001011111110111000110000000001111001110011010101101000101100101101110110000101010010100101001111110110010000111101000
11001100001111011101011111110000000100101000101000001111100111010110111000110100000010100110001000110110001100110100100000110111
11100010001001001011101111001000111100000110111110101111011001001010111000100100100010101000100000100011000010100000100110110000
01001001001000011011111110101111010100000100001011001000010100000000010000110011001111111010001101001110101001101000110000000010
10101101111010110011111110101010101100000011111010001110010101101010011001111111011111001111011111100000110001111110100100100101
10101010011010100010110110010001110111100010111111111010010100011011010110001111101010110100000100000111110100001101111111111000
11110101010101000101110011010101010111000000011010010000001010100101010011111110100110100001100111011110010000111001010001010101
01100011110011000000011010111011010100010001100000111001001000111111001010001011000101111100111100010011011100011000001000011011
11101010101100110001011010010010001011111011000101010100001101010101110000000010001111011000010111101000000000001010011110000010
11001110101111010111101000010100011001001101111101110011011110000100001000111111100101011001010110001110101101111100101101010100
10001100000001110101011000111111111101100110111010010001000110001001000100101101100010111010111010111110000011110110100101000110
00111110010010001011110011010100010101011101011000101100000001010010000101011000100010001000010010011001101101111011000010000100
00111001110111001001010001111111110110100000001011010010000001010011100001100100111001101000100101001000011010000011110000000111
00110010101110010101011000000000110010000010001011111011011000011001001101000000110111101010011110010010001100010010001011111010
00110011000010011000000001100000000000100110111100000001100110001000011000101111000111100011000101000001000010110010001010001100
11010111100010101010001011111011001010110111100110110010010000000000111011111100011001001000111110001111100011010011110001011000
00100101001101110110011101011101111101111011001101110110101101000001010000101110110010100111101110110101001010101001010000110000
01010100010101100010100010110111110000001110010101001111011110110011000100110011010101111011100101111111000111011100010111001111
00101011111100101110111111000000000100100100010000001110011111100011010010100010010011010100010101001101111000100001001011001011
10000100110101111100001100011111101010010111100001010000011011110010011001001001001001110111101000000110111100010010000111101101
11100101000111101111100110110000010110111010110101101101100111001100100011001000100010010011001011110110010001010100100010100000
10110110000011011100000100011101101100001011001000010110100111000101111001101010011011000011101010001101100001101111101101001101
01111110000100100100110000111111101011111010001010011011100010100100100101111100111100011110100010011111100010101111111101110101
00101010100000110101000111000000101011111111110001100111111110100000000101111011110100101000101100011110001100101010011011011000
00010101101100010100110010110001101110010110001010110001111111101011001010110001001001111101100000111101101111110100001010001001
00010001110011100010110101101001110001110001111010110001110100100001010101100010000011000101000111111011010100100000101101011000
01011001110001101101110100111111101011111010100110000011110010100101000110110011100100000111001100110101101011010011101110101110
11010110111001011010111010111110001010101011101101001000011010101001011011111001001101111111101111100100011000101101011001011101
01011110010011111110111001011110001100110101001100101100010101001011010110000001011011110110101111100000011011000010011100000101
11010101100001101011100100110101010110011100010010010011100111000100000000101000101010111010110100000111111010000110010100000000
00010000100111001101111001010001100100100101110101111100000001011000100101110110010101010110110011100101000100111101001101011000
10110111001011110000100010110001111101101111111011000101001000010101110010010010111011111110010011110001000100100011001000110111
10001011010101000111111101001111111101000001011000011010111110110101001110111000010101010010101001111001010100101010010011011100
10110111111110111100001110111010101000110110110111101010111001100011001111011100001100101111101001011100111011001100100111100100
01010010010111110001000101110011111000100011010001111000110011000100011000000010001000010011101100010101110001110101110111110001
10101001001111011011001110011111001000101011011100001101111001100010000001100111000010000100100101111011100111010110111010010110
11100000011111011010110000011010100111010110001011100000101010100101101011011111011111100000111111100001111100010101100100010110
11001101101111000110100010100011001011001100011100011010110100101111101111011111010110010000111111110011001101010000011100111110
01011111010001100100101100111000000100000000010101111111001111101011000100001111100100110101010000110001100100001001100100100111
00001001001111000111100011101110101001101100101110110011111101110011001101011111100110101101110101110000111001100001110000101010
11011000000111001101010110010111000011111010101100101011001101000000101110010011011101001110101011001011010111010100111101101110
01001101101111011100011100001001000111101010110100001111000110010000111110001111011111110011110101001000100100000010000111011111
11111101100010100101001100000000000110101100001101110011100100100101011111101100001100010110011010101110011101100111011001111111
11100000100011110000011111110001011010011101011011011001001010101110010000010110000111011101111011111010110110100010001010001110
01000001111011110111001000011011000011111100110111111100111010001010111101101110111111101010010010000011111111110111100000111010
00111010101101001110000010010100110101001100011111100011110010110001111101010011001001010010110011011001100000010010010000101011
11010110111000100110001111100000110111001001100111010111000011100101111011111010111101111100010001101101110001101011011001100100
10000111010110011010000011010111111011010011011010000010100101100011000100011101100011110000110001001101000111001011010100010010
01110110111010000001101100001110100011110101001010011101010111000011000100001100101011111000000011011011100001111011001010110110
00110001101001110010011111101101010111110101100001011010100001100110111111111010100100011100110001010011011100110000010100110001
11001000111000001010100110100001010010100010010001100111110100100011110110011010100110101111011111000011001010001100100100001100
01111001000111110101000011101100001011101011101000000111011111011100010001101101110110001000101110000010101011111001101001111101
10011010111100001110111001111100100100011011100011011110001001000000011001111000110111001010000100111100011000100000101111100111
11011011000111001111010001110100101110011100110000010010011010100011001010011110011011111010110110110110011001111000111010000110
11110111010110000011101011111110010001010010000111101100101010101101001011101011100010000011100110010111001110111001101010000000
10111001100111011000001110100100111110000001110011111010010100100001111100101101100000101100001110011110000101101110100001110100
10000000001001001101111101011000010111011100100111111010111011001100011010000110111010001101100101010110101101110101000110001110
00010111110010101001101000001110101100100100100110111111011101110111111100100000101100101010001000110001001100101000100000100000
01000011000101110000001110111100101110010001110100001110001010101110110001110110111111010100001001001111110011110011111011101100
11000100011001011010001010010001101110101110001110011011100110001010110001010110110100101000101111000111000001011101010001000111
00010101000101001001101001010100010101011100000101001110010010011010101111101010011010100101111110111001100011100100101111001011
01010001000000011000100001101110101001010110010100110110000111010100000010010001000111001001010111101101011000101100101110010101
01111101001011100101111011010011000110011000101110010010000110100101110111000001001011111001101001100111111111001100111010011011
00000101011100101001011111101101010110101010111110001111111101110111010000100110110101011110111000101010011011110010100000000100
11111000010110111010010010000001000111100001110101000000110110011100000101001111101111001011110111001001001010110110001001111011
01101000100101111000001011100010010000011001001101001000101100001000100110111100011010110001011000111010001110111111011000010010
10101110111111000011111000011101101011111001010101111011011100110000101010101000010000100011111001101001100111101100011101010110
01110001001011111011110000001011101001010101011111001110011100100011001000010111000110110010101111111000010101101011000110001111
01101100110100010110001110011011010110000001100101101000010110000111010000010010111111010110111100111000110000100001010110110101
11000000011101101110111011110000111101011000011100011001101001110001000010010010101000011001001000100111110101101001011100101011
01100101011101011100000101001011110101010100010100001100110010100101011101101101000001110011011100110001101000001011001010001100
00001110010101100100000101001001011001111011011111100101011011011010100101110100001011011110011101110111001100110111101000110000
01110110010001011011010001011011100011111100000111101000000110011111000001101001010000001000001000001100010101111111100011100000
10110111100100111011100110101110101000101010000001100100001111001001000000010101000010011101010001000011110111110010100000100001
10110001011010110001110100111000011100010010111101000011100000101101110010100111110001000010011100100111111000000011101110101110
01001000011010110011101110110010100101011100011111111110110000111110010001010100110010111011000011010001010101001001100001111000
10100111010001010010011000111110011110000100001101110010101100100110000100100000101111110101111101011101001011011111101100000011
00101111010010010000000010011011110111010011111110100100000000110000010111111100100010000111100100000000100110101100100010100110
10110100011100101000010001001000000101011011001101111100110110111001110010000110010111010110110100010111001100111001111110001010
01100111100000011101110011110011101100010111010110010000000100111001001011110011000010100000011101111110011101000001101111010101
10110100110010101001111100100000111110110011111001000100000011110100101111100001010010100101101110000100010111101010110011001011
11111111001110111010100011000011101000110100000101011100111101110011100010010110010000111100110001111011111110111100000101010000
11111111100110100000010100000110011100100010011111010000111001010110100110000111100011011010010100010001000000001111000011001011
10010110111011111111011111101001000111111100011000011011101010111000111000100110000001101011111000011101110001001100101101100010
11101010011000110010011010000000011011011100111011101110011011100111001101001001111111100110101001100110101011101001000011011000
01001111010010000010111111100110111011110100110100100011111100001010101111010001101100100101100111100011010010010011100001101110
00101010010110100010100100010011111010010111001011000110110000111001000010110011100111001110101101100100011101011111011110100111
00101001100110101001100100110101110100011100111011111100001001110111011000100101011100110000001110101001010110010100010000000010
10111100101101110010000000111110001100110101011100010001110111000100010101111111100011101111000111000101011101101100111100010100
00001101110101101111011110001100010000111011011111101110010100000100111101101111001101001100001100101100001110111010101010101000
11110000000010000101100100100100111001101011000111110101111010101010111010110001000011011011100101110111011110010100101111111000
10000000100100101001000001101001010010001111100001111111011011111000111011001100101001010110101011111111001011010011000100101100
00101100010011101010110000010000011011000010010010111010100110000110100111011010000000111010010110111111111111101111000101011111
01110010111001000001100010111000101101100100000001011001100110000111001010100110111000000110100111110111010011010010111110111011
10011101000100000100001011101011110001101011110111111110010100000101010111101110110010011110011011100101110110101001010111100000
10110001111001010001111010111111111011000100001111001001010010010101010100101010011100001111110111011111100101010100011000111111
00010011101100111000100000101001011110111011000011001110111111001110110010000011001010100011000010000010110001001001011111101010
11110000110110100001010000011101010110000011000000011110010101010111111101010110111000010010011111100011101001111110001110101101
11000110001111011101010001010010101101111011101100011100011010111110101101101011101000010111000000010101000010100110101110010110
10010001101110101101100001110011000001000110011110101110001110011100010000101110010111000010011101111101011000000000100010000100
10010101000010001001111010001001001100000011001110011001001010001000111100111001111101100011011001011111110001110000000100001101
11101010011110100100110001101010001000101100010110101011011110100000000100111110001001110010001011101010111110111000001101111100
01111000011011000100011100011101010101000110000010010000001000011011101001010111010010011111111001011000010101111011000001001110
01110001110111001100110010011001110100100011011100101111100111001111110111010001110111100101001011100111011001001010001111001011
11100010000101011011100101000101110011010111010000100010110000011100000000001101101010111101011010000111011011011001110000011000
01110001110010101100101100010010100100101010011001100011011000010101001110110000111100011110111011100001111001100011001010110010
11011101000010011011110001011001100110010000010010000111001100110000000011010110010111110001110011110001011101010000110010010010
01010100110010001110011011111110001111010101100110000111000100100100110001011100111010000010100001101101000001001101010101101100
11101111010100010011100011100111001110010111110011011011011111011010110001100101010111110101000001100101010010011101011111010011
10110010100001111100111001110001001010110100000011001011100011011111101101110111101110111100100100000110011111100100110000101111
01110010100110100011011000011001000101111100001001110001111100010111011000000000111110010001100011110110011110110111010111001001
00001011000001110100111110100011101111011011110001011011001101010000111111001011101110000011111111000110110101011110110000011000
00100010111010100111011101000011010100001010110011110010100100111011000000001000101110001110100111011100101001100110011010111000
00101001001010010010001101110000100100111101101000001111101101001101110001111001010110011111101000001111011010100100011000100101
01000001101101010111010001000100110001100010111100011100101000111110100100110000000011000011100101011000101111010000101101011000
10100001101111000101010000011010000101000100110110101101101101001100000110101100001100001011101110010011100110001010110100010001
10101110001111111111100011111011010111010000101010001011010011100010101011011110110101111111000101100110101100100111100011010100
10000010001001011101011001100011001100001100010111111101000010110000111001011000110101111100010110110101000000111100000111100111
11001011001100100101101011001010101001111111001011011111101100011000100111000000000001111111101001000011000010010010111111010001
00101111000110110110110110011011011010110001111111000011011110100000000101001011011110100101000010110100011101110110001000100001
00101010010000010100100100000010111100011011011101011000011110100010011101110111110110010111000001001010001111011001011010001101
11011111011110110000010000110100101010101010101100010010001110110101000010101110110110101000001010001100001110101000111111100001
00000010111001001111101010001111110110011110111010001100100111110100000111000110011011110100101100110010000100000101100110000010
10101010100011010011100110110011111110001110011011000101110000101000101011101111000110110110011000011101100010000000100101001000
01011011110110000100110011111010100101100100010110100001001101100010101010100110011010010101011011001100100010111001000111010010
00110000110000111010100000100011011011101100101000101010011101110010101010100000001110101011111101101110000100110110100011111101
11111001000111001010010101101011111011001110001001011010101111011001001011010100100001000111000100000110010011101101111111101001
10001010100011010110000110110001101101001001110011010111000100110011010101101101010101101011100100001001010100000111011100101111
01011011100101101001111001101010111011100111110100011111001111000111001011001000011011110001001111100000100100100111000000110011
10010101001000010010111100001011010011111100101100011101001010010011010100011000010111001011110101110111000101111110100100011000
00010100010100000101110101000011001101111010011010001101010001100100010000110101001000111101011011010001110000100100001101110000
00110000000001110000111010101010000111010011100101000111110110000110000100101010111100100101001110110001001101100011110111010110
00110111011011001001001101011110111100100111000100100011001110101100010111101100001100011101101101011111011000011001110111010011
11010001110110110110000000010101010100011100010101100000100011101100000010110011101110010010110001111100011011101101111001110011
10111101111001111010101010001010100010101010001101000000011101101110011011111011101101110101111000100010001010010001011000011001
10011100111101010001010110110010111110010001100110000100010000101110001011111011001011011101100110001100000010010100001010100001
01110001001111100110111000100111111001110111001111101111111010011011001010111001101011111001100010000010010001010000000111011011
11001101010011111000110100100111111111111110101000101111010010000000100001100010000111000101110001010110010000100111000000000111
10110010111001100110010001010111100101101000000100100000101000000101000101000000010111001101001011011000010110110001110100100010
10111110010101100010000001111111011100011010111101111101111001011000101010001100101110010001001100111011100001010011111111100101
01010010011110101101100110011010011000000011010110101101110111100110011001111001111111011011101100110111010110110110110110111001
10001100101101111011111001100101110100001100010100111110011011100111101111100011011010101001000001110111111101101111101001111010
10100000000100110110010010110010111101000100011011000111110011111101010110001101111010110001101110011010000111100010101011001000
00101000101111010100110010100011111110111011011101001010111010000111101000001011000000111000111111010001011001011010101110100111
01011010110101101111011101000001001010110100001101010011000011011100000100100001100001111001010001010110111001111111000111101101
11100001011110011111111001100111111010101100000101100100110010001000010101000011011011100011000011101100111100010101100101001111
11001100111000001111110101001000000101010011000000110101010111100100001010101001000111011010101000011101110110100011000101110100
10101011000010101000110111010001110011011111110010111000110011000101111101111000101001000101011101010001011010000001000110001001
00001101111000011011100010011000111100101001101001000110011100101111100010001011101011100010000011110111001000010000011110011111
10001011100100111110101110100111100101011000110101110101100010111100111100011101100010011010001000010000110011000010000000011010
11100111001001110010010101001001101000011110000010001011011010001010101111100100111100010010101111000010110111010000000101011001
00111111110111001110101001101000111100000110100000111101110111001000011010110110101101111000010011110010110010000101010110100000
00010100101101000001011001100011001010110000010011100110110111001001010001111101101100011111011100110000010110110100001111011000
01100001000101001000110000010001011101110110011100011110001001011001100010111010011001000101010101111010010111010100011011111001
10111010010000001000101100001101100011100011011100010101100000000010111110001100010111111111011010000111010100100101101101010011
01010111101010100010001101001111010000000010001011110110101100110011000001101011101101101101011011101000111110010101000110111101
00010100000110100000011011010110001001101010111011001001011111001001101100001011101010100111100111111011100001001000010101101011
01111110100010111011101001100001001111111000101011101000010101111111011011001101011101011000010101100010111111110011110010000011
10010000011001110111111001000110101101111000001100001101101000000101011100011100100101110100010101001101010111100101010111001100
00011110000010000101100001100101000000010011110100110011100010111000000011010011111001111110101000101001100000000010111000110110
00110111011110111101001000100111111001011101011101100011101001111001100101101011010101101010010101111101101001110010111000001101
01000101011100101101011111110110001011100100011110001001010101101001010010110100111111010100001100110100010100101100011011111110
00001110110001111111100101100111000000000100101110001100011111110101010011111110001011001111001101101101111100011111001111100100
01100001010000000010100001010010110001000010110110111010100100101100101000011100110101111111011100110110000000011101110011011010
11000100001000011101010110011100111110011100100000011100000111011010011100010010110011011011110100001010100110100110100011001010
01010001101000000111001011111110000000100010000001101011100101001100101001110111101111101111101001010011100001000000011110111100
00111111000001010010001000101100110110110000100111110000001110010110100110000010110000110011100100010101101000101101101001101000
10101111111011110111011011001010100110111010010001101001101010110010100111011001011001011110011100011011110111010001001100111001
01000110010000101101001011000010010111000010011100111110100011000010010101011000110000100000000010111111001110010110001001000001
00001010111100000110110100100111010001001001111011011010001011001010001100001101111101000100011111000111110000000110100100000000
10110001101111010010110100100001111001011000101110100110011110110101101010001111010010000100001000010010101100101101101001010011
11000101100100101011101100110101000000111110011010111010111001101100100011101100000000000101010111011101110110101110101001001000
00110111001101101010100110011000100111010100100010001101111011011001011100010001000010101101100000110100011110011110010110100010
00100111000111000101011010011001000100001100011110000000100010101110111110010110000001110000111101000011001101000100000001001010
10010010110001000110010010100011111010101100100101100101001011010101100001011100001001100010111011010001100101001000010001010010
11111100010001001110111100101100100110010111011010011101110011110010111011011110110011011110110101010100110001011111011111100010
00110011111000111011001001100110010100100010110100000111100010101110101100000110110010110110101101110011101011000111010010011110
10111111001011100101110100101100011110010111000111000001110100011001001001001010111101001010001100110111000111100011000111111101
00101000100011101010111111100100010100001100011111001101111100100010001101101010101110111111100000101011101100001100110101010000
11010011101000101111110001111100001110100000010001100011010100010011010100000110101111101010001110010111111110110011110110111010
11111010011100011110101101110101000111100100011111000100110101001110110111010111001010111111110110010000101101101100001010010101
11010001110011100101000010101111001111001101101011011010010100101100101101001001111101110000010101001101000000100100110100011000
11010010101111010101101010100111110100111111101101010101001111110011111001010011011000000100101110111010111011010100101011101111
00100011101100111100100000001110011010000111110011111110000101101001000000000011111001100011000010000101111101100000010110010111
10011000010100100000111111100110101100100100111000000010101101101110111101111000111111111000100000000000001111110000001110111000
11110010100110111010111010111111010111110110111110010001100110111100001101010000000110100100011010100001000110000001010011101100
00110000110001001101010110100001011100111110010010010100111101001111110000011110111110011001100001010111011110101100011101011100
10001100010100010111000011101010010100010010010110011110110010000010011110011100100101010100101010110110110010110010010110110111
01100111011011101011110100101111001000111101010001011110010001110010000100100001000100101110011010001010101001100011000110111000
11110010101010001011000101011000110011011100101101000011110001001000000111111111010100011110011111010101000011111101000010010011
11000101010110100110100000011000011010001110010111010111110110010101101011100001000111111111111111000111101110111110111000000000
10101111011000011011111111001011101001100110100111101000011000000111010001000001110110010100111010000110010011001110000110101001
01000111110101111110000100111010000000111100101100001010101100101001110011010110101100100011100101000001110001010100000010000101
00000100000110101011000100100000010110011001010101101110011010001101110111001010100101111111111111001010111000110010100001101011
10101000000111000111000011100101101000000111001010100110111100100110010001010011010100010010000000111101000101101110100010010110
10001101011001000110001001100111011101111001110111011110111111110110001001111101101111010101100101000001111011100010110011101010
11111010010110110100100001110001010011100100011011001010101111111001100100001111000111100110111001010110000101001110011101000000
11100001010001011111101010100001101100001100000001111100110110011111011101010111011001001110111010101100010110011100001001101100
10111000000011000100001100111011001000010011110000111100111011000000111110000111010010111111011010001001011111100110000110111101
11100111101010101001101110100110111011011001000111111101111000101101001011011000011100100110110100110001001100000110101001010010
10001000010110000011001101100110100110011000011111011101000111011100000010010101110110001000111010101011100001001010010110000110
10101100100000000000100100011100001100110010010110110110101011100111111101010000000000110110001011011110111001001100111001011010
10001000111000100011011110010011100110111011100101110111100110100011010110111101001000111000101110110010111111110111100000101111
11001000111011100001001010100000111010010100011110010101110010011111000110011001111101110001011110011111101101001100011011010100
10101111001100001101010101010110110101011000101011001111011001100101001011010101100011001111110101010000001011101101011010110001
11101110110010110001110111111000110101001111011100011111111000001010001100001000110110111000101101010010011001111110000001000010
11011110100000101011110001110000110010011000011000011100000010010100111111101001111000010110010000100110001101001010011001111111
10111010001010100001110010001111001110001010001010111011111110001000101111011001101100111111000000011001111111011110011000010010
00010101100011011110000111010010100101101010111001110001010101001111101001001001111100011111010100010101111110011001101101011001
11000001010011001001011000010111101000010000001001011000000110101101001010000110110000010111011110100110010001110110000001100101
01010100100111111101100010001100001110101110101000011010100101111000110101101010001010111010100110100011110111100101110000110000
01010101110111001001101000110100011100110111010011001000010000011101110101000111010000101111111110010011101100110000100100100000
01101100001110001011010011110100001101000110101101010101100010010101000101101001001101111010001011001011101001000111111101011100
10011010001001101101001110101001111010010100110101111000010110110010001000000101000101100001011000000110010001101000100111001010
10011001011011000010111110101111111101101111010001110110101110110010100111011101010000111011101001110111110000010011111011110110
00100001000010000010110101111111101100111110111100101000010101010101111001011010000010101101001010101011010000001111001110010000
10100010100011001110001011111010010101010101101100101001001011001100110001110100000100110111000001010010001010001101110111000101
01101001000000101110111101101101000000001011011000000010100101111111000001001001000011110101011110111010000101100101000010001100
10010111011110111001110101010110101010101101001101010100001000100111111100110111111010110110111001010111011101010100100100010100
11101111010100101110101010101001001100011010001111101101011000100011100011001000100000001011111001010110101010101111111100111001
10011111100000110100100100110010100110000100101001111101011101011010110111011010011111100100010110010101000011110111000100110000
01111111110110101101100010111111000010010101011100101000111011100010100111110111111011010010100110101101010100110000110101101011
11100011101010101110100000110111011110101110010101111001010101110010000101100111111001101100101111001000011101001101100101001101
00101010001011001100000010000101101111100010100001110111101100010001010111110101100011011101100010101111100000010110110111001000
10010111011011111101101011000101100110011011111000111001011000111010000001110000000011100010011011100101110100001001111110001011
01001111100101001100100010010000110000011010000011011100010101010011001100100011001111100001101110010100011001101000100011110110
00010111010111010101010101010110010010010011110110001110011011111010010100110000110010110100111001110010110101010000110100001001
00000001111101100011100101100110101010010100001110110010001000101000000110101010000010100111001111001111110110100011001111001011
00010000001010110011000101000101111101010100011100100000111110111111111100100001101000100001001111100111010001110110000011100010
01011101110101011000110011100010111010011001101011110000010111100001000000100100000100010101011010011110000110001110100010011011
10001001111100010001010010000110011111011001100001001100110110100000100001011000100100111001000111000010111101001101100011011101
01111011110110000000011011000110110010100111110111110010011111010001101001111010001101100001101001100011101110111011111000011111
11011111100001010111111001111110111010100100000101001001101011100110111000111111010000111000001000110000111101100100001001010011
01001010100001011101011101100010110001010011010011100100001100000110100101001101001101111001011100010101100000100111011011111101
11010001110100000001111111110100111110000111011110101011000001001110111000101000101110000000111110000110010101100000000100010010
01111011010000100010110010000100000011111100011100010011000111101110100111111011000011010001001111001101101001001110001001100111
11011101110111110100010010111010000001001010111101111011111100111010100010000110100000001111101111011001011001000111101110011001
01111110001000000000010110100000001110101110000100111100001000110111001101001011000011000000011000011111011111111100100101011111
10110001010000011111001001010000101110000001101101011101001000110110010110111001001101100110110011010111001010111100100011011101
11000100010010010000101001101001000111000100000011000111110101011101011111111010101001100110111000011110011110100000000011110011
01101101011001111010010101011000001010111100001110000011100011101100101101011101000010001110010100011001110101000001101001010101
00110110111000110110110101110010100000000001000000010010001001010101001000101110100010001011000100100010011101001010110110011110
00100011010010001111010100101110011100001111010000100111001000100000101000100010010001001000111110111000001101111100101100111001
11100011000010110101100001101100001101100100100110010111111000011001111001000001000010000110111001000101011011111001010010001101
11001010011101010100101001100101011011011110000111001010100001011101100000011000010111001101000100100100111001101110010111000111
00001011000011110000111110001111101110101111010000000110110000111110101110001010110001010011111001110111100101101110000011101010
11001010101000110011001010011100011010000011001101010101101101010010101111001100101001011011001111111110110011111101101111001101
01100101101001010001101111111010110101011111010101010110100101110110010110111000000001110011110111111001011011001001101011000010
10100110001011001111110000001010101100000001000101110110110111100111000000111101110111101111100000111000100111111000000000100101
10001001001100001111101110011101011001111110110110101100111111110011111101110100011100101000011111010000001101000010000001111001
10110011011011110110101110100011001110001011111101101011110000110001100101111100000100010111111110110110101110100000101001011001
01101101100000000100011100000011110111010101111110011000101111010111000000101110100110010010001010010011111010110110111100000011
00110101010110100011010001100100110110101111011110010101000101000101001111110011011000110110011111101000011100011110100100110100
11001101010110100111001110110101111101000111000111111001001011101000010010100001111100110101001111010010100000011001110000001011
00100110000110110111010100001000111000110111001111100110001000111100100101011011111011010110001000100000100100001111100110101000
10101011001100100011101100001010011001100101000100000011110101000110001010011010101101110011110110001000011000101111011011011011
00010000100011111011111001001010010100010110101110011001000101110001110011100010100111100010011001001111110000000100110000010011
11100110000111010100110001011100110010010111011100000010100000110111011111001101100011000001011011000100111001111000010010110011
01101010001110001000110000101100110010000010100100001110101000101110011110010000100010101111010010001000100101000101100101010111
10010100011111000000111001001011101110000010111110001000100110100010001111110101000010110001101011010100100101110101111010000101
00101011100001001000111010110010111000101111011100011111000111100011010011111110100001100100010101101011100110101000101110111010
00111001010000000010000011001110110011101101100000101101100001110111001111111101100101100110011110011001010110110101000000100101
11011011100000100010110100110110110100000100100000000101100001110101011011010111111000100001010110000111011110100001001001111111
01111110110101111011011101001100100101111001111011100110001001110100100000010111011011001111101111110001000001101111011101010000
00010011111000001101101101110110101110000011110110001000011101111111001100010011101001111111000110110111001111011000100000100101
11000001101111110010001001011110000000000001111001010111100110100000000110001110000110001101011111011011101111100010101110011001
10111001000000001111000111100100100100111101000000100011000010111100010000111110100010000011101100101110010001011101110100010110
11111100010001011000000100011111101001100001010111010011000100111000111111110010010101011010111010000000111010111001000001011010
11100000011010111011011010100100100111010011000010101110101100000111100001010010111001111010111010000010101111010100000100011110
11101110110110110101011100110111101110010101000111101111111011000011111001000101101101100011011000011001010111101100110001011100
01111111010110110101000001110111101110011111000101001111111001011111101111010000010011010010101011111111001111011011011010110110
00011101001101011111101011111100111100101010110010010011001110011000111011101001110110110011001101001100011011100000011011001110
10001110000111100110010001111110110001000011100100010110100111111111001001100111100100001100110101000101010010101010011110101110
00100110001010110110001110011010011100000101001011111110111001110110101001011101010101011011011110101110001000001100010101111010
00000011100101101111110000001111101101101011011000110101001100000111111100110110010110101110011111101111010100100110101101011111
11110000110000011110010000001001100001101011011101001010110100100101110000000101101000001111001001010000110000100100111000011010
01110111001100111001001011011011001100111111000110001110010110110010001001100110001111001000011011001100111100111010101101101111
11101011101011000000100001100111110010100001110011101010110111011100100100000011101101001000011000000110111100010110101011110000
01101011100111101011010000111101010011000011011100111111101001011011011000010100011101010110010100111110111010001100101110000010
01100010110101001101010001001100100011010011010011010110111111110011011010100001111100000010000000001110101101111111011101101100
11101101110011001011000001111011001100111010000010110011100101001111010101001100001010101001011001000110111111111101110010100001
10010001011001001111001111110100011110100100000111011001101111010011011111010101000101001000101101001010110111101101101010100010
01010011100111101010000100010101100010010010001110011101101110000110101001001101101111011111001010010011011101111011001010100011
11100110101100110101010010000110101011001000101101001001100000110110110000010000110100111101010010001010010010111001100011110100
01100011000110111100111000011111011100111101101011010001111110111001111101001011001000100101010001001000100000000110101000101010
01101111111000110111101110011110001111100110011000100101111100111000111001111101010110101010001000010111101011001010011011000000
01111011111101011000010100110000100011011001100111010100101111011110101011100010001100010110000000111100000100011110100100101010
10100011100101001000001100011110010001100111001100110101000000111010110111101011100000100101010101101010011100100011011011110111
10100011000101100100111000101110001000000001011011110010100011111001011111111100101001011000100100011110000010001100010011101110
01010101010110010110100011000011110111010001000010100001000001111011000001101000010110101001011111111100000101111011010010111010
10010100111111100011000101000001000001101010010000100010110000110101011000111000010100100001100001000010110101010100100000101010
10001101110011110100111101100011100111000111111100010000010010001100100111110001100001101000100001101100011010011001000111011101
11110100100000111110111100001010000111001101111110101001011010100001100000000110010000000110000010101010011010011100010111101101
11001110111011001100000000110000110100011101101001010101101101100110101101110000011110010001010001101011111000101010000010111000
00101111110011001101010101101010100110111100010100011111010001101111011000101010011101000101110100101011101000111100100001100101
00010010100111001010001101111000001101110101010001100010111001000011110110011001111000111100111011011101110000001000011011010001
11111101000110111000110101100100111000000111110110001111010111101101011011110110000010111110100101010001111100001011110110001101
11000101101010110100000011000011101110100100010001111101101010010010011110101001000011000000100110100011100111100111000000011101
01010010100110101110101010001111000100110110010000101111101010011000101101110010100111111000100100001111101000000101011100100001
11100100111101110100001110100001010101111010011001100100011110100000001000010101111000000000111110011100001000101001110000011100
11000100101110010000000000001111100010111110111101001000101000001000100000101010101010011110101110100010101000110000100110010000
00000110110011011000011110111010011010011001011011111000111110000010111010101111011110101110101010110011110000100111111100110101
01101111001110011001010110000101010011000101110101010010011100100011100001101101010100101100000011100100100010010001100001101100
10111001101001011001110001011010000010001110100101011111101001101011100111100011000010110011000011001011001100100110111100000100
11101011101100101001101110101011011101011011110101101110010111000001000001100011110000011001011010110111001000110010111101101001
10001001110010010111101100000011111001000001011001011000101011100010001010011000011110010000010000010100000011010001000011000111
00000111110100011110001010111001110101101010100001001010110101111111111111011010101011110011010111101011111101010010111100011110
01110101100101100010101000010101101100111111111000110100000110101001001110001000000111001101101111111101001000111000001110111101
11010100111011100100011011101001001010111101110010011111011101011001110100000101101000101111100011001010010101001111010101001111
01000101000111111001001010100010000011011100100000011100011011010011101110010000010110111110001011110100101001000010101001010010
01001000111001000110111001101000111001000011000101110111011100110101100101001111101011100011000010000111100011000111000110010110
10110111001011000111110011101111100010110010000011010111010001001000011011101010010101011001010110101000100111000100010010001011
01010100010010001011100001100100000110101100010001101101001101011110001110000010101011010110000010010010001111101011000011000011
01011101100010101010010100000101011001010001011101000101010101010101110000011010010000011111101100010010000001011101111001100001
11101010000111110101011000000100100010100111100010011011101100001010110010001111000101000010111100101000000011011100100100011000
11101001101100010011010101000010110011111000000111111100111100100000101011011000101111111110111111000001101111000100000000010001
00101001101010110011111010101000100000001110110011011101001100010100000010100100011101001011100011100101011110100001001100011011
00011010010010010011000100001110001011110000011111111000101111111101001111110001100000001001011111011000001101100001101001001001
01110101001101011000011011001100101001110110110101010001010010110100110011110001011100011000100000010010110010010100101101001010
10111101110101001100100010001100011100000001110001110110100110100000000110010000011101010100101010001000111111001111111000111011
01100011110000010110111011110110100001100100101001010101010111101110000100011001111100001011100110001010100000111001010000111110
10100110101011100111001001010011111100001101001010011110001101011110000000010001011001001100100000110010001001011100000000110000
11111101101000110001001001101110011101010100011001011100001000000001010100000010111111101111010010001000100010000010001111011110
00100000111000010111000000100010110001000010101001000110010110111011000001000000110110001111011001001110011010111010101100101000
01010010000100001111100010011011001100101010011110100011110011010101010101010110001111101111001010000111111111010000001111000100
00010001010111010011000000101010000010101100000100001000000100111011101110011100001011001101100101101100001001110110010100001001
11001000001010101000110110010001001111000001111000111101111011011110101110000111010101101001110110011010101000001000010000001100
01011001011100100000100100110100001111001001111110100110000000110101111001001011101010001000100000100010001001100111100010100010
01101111111100111111000100101100100001011000011010101110001101010100000110111100111011110010000101100011010111101100100110001011
11010010100010101101101011011110110111011000011010101101001000000010101111111000100101111101101001010010101010010001110100000110
00110111100000001110011101010101100001000111111010001100101010101001000101000111100110111111011111100101111111010010101101111001
00011110001000100100111111010011101000001011001100101001100110011001101000100111111000110001000100110101011101010101001101111110
10001011010000010100001110100010011101101110111101001101000000001010010001110110001111111011001100111100101010101101001110011010
11101111101111101110000001110010010010101011010001111011100110001101000000001010011001110100010000111111111010011101101101100111
11010111010100111011010110111001001010101100111100101101101111101011001011001111011010111101100101010111101111000100010101000110
00111101111010110011010010010011010100011000110110111010101100111010011010011011011001111111110010111010100001100000000111001111
00101110101011000000100010100000111111100010010001101100111010110010010001100111110101110000100111100001010100000110000001101000
11101001010011001111111001111110101011100011111001111111110011011111000111010000100010000011111000000000110011001000001000010111
10001100110100011111111101111001000110101111011111001011100001110010011001111101100001100101011101100100100110011010000110001010
11000010100000101010111101110110101111111101000101100100001010010010011000110101110000011011110010101111100000000101001101001010
00011111000001101101110010010011010000000111010101101100001111011010100000110100010101110001110001001011101111000101100000001000
10010111001101100011001111000000011001001001010101100110000010111111101010110100100110111010101111110110010001100001101100001001
00010100001111101011000110010101101001101111111010001100001101110110111011001100100000110110101011011111101001110111001111001100
11100010001101001001110110010011001010011010011000111011000001101011000001000000100010010010011011011001010100111101001110110111
00100010001001010100110101100001000110111011001101110110110110010100111110010111111010000001100100011110001110100100110111101010
01010010011101010100110011110001011000010100101000011100001101001110100101011100110011111010001101000010010010100101110001010100
00001011100111101101100000101100100101010110101000001111000010001001011011000101000001001100110011100010010010000101100000010001
10101000110110011111111010100101001011101001001001011010111110110000011010000110110010001101101011111111010100101010110011101010
11110010000001101101010010111100100101011000110010001010111100101100110011111010111011011110001010111000110000011010000000001100
11011100111010000110101001000011111111100001001110100011010100100001001100100111101100011111011000000110100101110001011100001110
10101110000010000011010001110101010000111010010001011110011110001110000110001001100011000000110101101000011010111011000111111110
01000000001110001111000111001111100100010101110111011101010100100001101101100110111011101001101110001001010100011101011110111100
10110100010011011111100001111110110110001110000001111111000001010000010000110010010111000010010111101100010010001100000011000111
10011111011101100100111100110100011100011101010111111111100010101111110100111001000000110100011011101010000001100110000111011111
10111000000010010111100101110110011010001111000110110000001000010101011110001110101100100111011100011000011101011011100100111011
10001111001111111011001110101000000111001010111101000000001011101001101001110011101100010100100100001010110011110001111110101110
00000000110000010000011011001111101100110010000101110001001101001110000110010110110101010000011001011101110101010101101110111000
11111101101101011010000011101101100000011010010110001111001110100100001101001100100110001011101001101100110011111011101000011010
11110101111100000000001111111010111111011001001101101111110100110001001000000111101100110001011101101111011100111011001000110010
01101000111111101100110100110000011010100110101101111010101011001100111010010100101010011100100010101000110100111110000001010011
00011111010111000110010000010110101101011001000100000010001011110010011100000111001001100010101100110100001110110101011000110110
01011001011111010001111101010101110000111011001001011010100010111000001100000101000001011000011010010110011101011010001001110001
11011000001011100111000110010001111101100001110101100001111110001011000110100110111101000011000100000111101010111010101101101011
00110100101101010110010001101101101010000110100110010101010011010110001110110011110100100101011100000110000100100000001010101010
00011011000010111100111010110001111100101011001001111101011011110111111001111110111001101010001010010010011001001000100101111010
11101011101101011010101101100010011100101111110011111001001101111000111110100111010111111000100101110001010100001010000010011111
01001100000010110000101011000000111111000100010001101000001001101001001110010000110011101110000010011010111000100101100100111110
10001010100011110100000111101111111100011110010110010110000100011000001010111001010010101110111000111011110101010001000101010110
10110010001110100110101101010011100001100011010010000000100011111110101101100011111101110000010111000100011001000110100010011110
00010000000010011101110011011101101100110100011111100010000101101010101101100001101101111010001000011011001010101110010000110110
01000010110001111110001101011011110001010101100101011010110100110011110011100110100001011101011101111000110101010100100111111101
10101111101001111000011001110001000010101001010100001010101110011101100001010000110000001100000100000010110001111110101100111001
01100000001000010001101011001000001000110111001011100111000010111000011010111000101101001000000000111101110011101000110001110101
10001110101001000111100011111111000111110011010111001001111110011010111110010011010111000011011001010101100100110001111011001110
01100110000011110010001110010001011000111111111101110011100110100010110010111110000000000000010001011101011100001100100001100000
01101011100011111001010101000100110111010110001100111011101110001011101110001110101111101100101011101100000101110111000111011011
11110001100110100101111011010111011010111010110001000010000010100001100000101101100101000000101001100100111111011001110010001010
11000000101101010111010001001110111101010000100100101011001100010011011111100011001010000101011000110011101111000101111111100100
00000001000011110010010010111101110010011110100011001100110001110101001001111100100001001100101011010011001101111100011000111000
01101010111100000101101111110111010110111010100101001101011000010101100101000111011100011101110101000111011111001101101111011001
11000110100001111010000010110101001001011001100111011000011101001100110110000100101001010001010100011000010011110000010111101110
11000011111111000000101101010001110010010100000100001000001111111110001101110111100100010101100111110011101110001010011000100010
10001101100000101100111000001111010101010010011001111010101011011001011100110010111001111010110011110110111010110111011110000011
00111010101100101011111010010101000100010001101110011010111101100111010010100101001110000011110011110110111110001110000111101000
11100101011100100010111001000110100110111111101111110110010010110011100011000001000110101010100101110100010001001101010000111010
01111011100000001101001111111001011010101001110110011110100000101111111100010010111111010101111011110011001000010001011000000111
01010101011011010110001111111010010000100011000100000000010000110010111110100110110111001100010100001000011111100100000100111011
11111101011001101101111001111010010001100010111111101011100101001001110000100000000101000001101101011110010101101001001101110111
00011101101101101111111011000000100111000111011100110101101000000110000101010000101101101101000100000011000100010001011001110110
00000111111101000000011001001010001111100100111111101000100111111010011110110100101001001000000110001001001110011101110001000111
01111011100001001111101101101000111010111110011000010001000111001111000100001011101101000110010011001100111000110110110111010101
00001110111001010100010100110100101101110100011100111000010110101000110111100000111010001010110110000011101111101110100110110000
10101010110010111000011010001101101000000111011100001011111000111111010100110011010010011000011110111011001100001111111001100111
01101110010010110010001101010010100111001000010010101001111111011001001000110111010000010101010110010000110110100110100010000101
11010110011000001101001001110001010110101100010101000001110001100000110001000100100011001001110110001000100001011111001101100100
01010010101011100110011110010110110000100011110100011010101010110001111000001001110001000101100001100100101111100001010010000010
01010100100001011101101101100111001110011000000101010111100011110110010010110001010110001101010010101010001000111001000011001011
00011001100010111001100110010110111000001000011110110110110011000101001000011011010001001011100000101101111111011010011001001101
01000001101100101010111011100001000000100000100011101001011111110010010101010111100110011001000111100000000011010100110101100111
01110000011100000000011010111011101111110001111010100001001101000101001000000001010110010100110111000100010011100001011000111001
11011000010000000001111100111010110001111110000001001000110101001101011001011000101101111101001010101010101000110101110000010000
10001110001001011111011100100010100101010011000000011010100011100001001111100100011010101001001111101111100011001010101110000000
10101010111110011001000010100110000011000111000000100111000101100000110001001111100111110000000101000101100010101001010000001011
01100101110001100101101000100010110100010001000101011001100010000111111111101101100101000110010110110100001100010001110101000100
11001111011010000101000000000000000110000111111101011011110001110110011110100011101011001010010100001111000010111001011011011000
00111000110111010010110100010101110101100100011011001101010101000001101011001100001101010010100000111011111010001011110001101011
10111000011000001110001010101111100100100100100101111001100111011001001000111101100010110010000110110000011100011011010111101111
00100000000011010111000111011101010101111101101100001010001010110010001001010101001100100000110011011100101001011001111111000010
10000010110101101101101000110011010110011010001111111011011000011011000101010010101100111010110101000001001011110010011110101111
00000001111101100100010010010101001001011111111001011111110000011101010000000011001011101001011010001111010000110100101100101110
