00000010110010001011110000111000001110110010100001011100010110001111110100110111010000111100011010111110101101111101101001010111
00101101111001101000000001101001110111011011011000111101110011110111011110111100101011001100110000010010111001000110010010001010
01010000001011100110000011101010100111010101111011101000111011100100000000000100011011011011100101000011001000011011101101011110
11111011000001100001101110111001110111001010010011000011000001101100110110111011000010111001000100000100100010010110010000010110
01100010000000001111101110000101010011000001101110100100010011101100000011011000001000011011110010011001110000111010101010101100
00100110000110010101111011101110000000111111000100111101001110011101001101111011110111100110110010000100101010000010110110000001
01001110011010001010010000111010010011100110011101000001001111110001110010100010110100100001011001110111010111110100000101011110
00000000100011001100101010111101110000000010110110011011110010000011111111100000001101111001011101111011101101010110111101101100
01000111010001011001100010000001000000100110001011001000110011101101010010001101110011011010110101010001000000111101100100000100
10001011111100101101000111101000010110111100010101010111111110010011110110010111000111100000001110000000111101101100011001110001
00110010110010010011111001000011101010000000100001101110111101000110011011110101001010101010010001101000100000011000001110100101
00010011011001001010111100111011111000001101101100101110000101011010000100001011111010101000000010110101100010101011011100011110
10100101000010101111000111101001101101111011101010010101110110000010111101100101100000111111110011001000111101101001110001010100
00111011110110110000011110001000110111001110100110001001010100100010100111100000111111101111000110001111111100111010011010011101
01110100111111011010110000000000000101011011001100101011110010111111110110111001110101000110101011010011010100101111000011011000
11000001010100000010110110011000010011111011010100110110111010000100000010100101010101110111000001000001100101111110000001100111
00011100111100110110111001011010010000100011100101000010011100101011001111000110000010000011011001011000101001000110001111011010
01101011101111100101010010010010111110001110000011111110000100010110010111101001011100101100010101110100001001010111101101011100
00001111110111100010111011010101110101100011001011010001110010010001011011011111011001111011011100010100011000011110110001000001
11000000010101011010001111001011010011110011111100011100111100010000000110011001110010111110100001000000110001100110001001110011
11101010011101101010101011111010110101000111000011010011001101100101000010001000011101101111111000111100000001001001010110100001
01101010110000100101010110011001100100010101011000101111001100100000100011000110011101110010000101110100011101011111001101100111
10101000101010011011110010001101101001001011110010011001100111011100101100001000000111011100111001010111100011001011000111100101
11001011110011111000000000010101100100110111100111000011110100110101101010001110100011000100001110110100101110111100100101011111
01101100110000010010001100111001111000001101011001011101000110110111100101010011010011000110110000001000101100000001001110011011
11100111000000000000010110000110011110000000010011100111011011001010011111011001110110011010011101101110011100110010011100100101
00100110111010010111111100001000100011100010101100000111100010000000111100011100110101100011100011101011111101111011001101000111
11010000111100011010101110101001000000001110100000101101010010011101011010111011100011100000000001001100011010011011100101110101
00011010100101111011011001101001001111111101001110001000110111011110001111000111100001001001111001000110100111111001111100100011
10111110000110110110000111011000010011111001110010001001001001110011000001011010001101000011110110010101001001001010010000011101
10010011110010111110100100111111100101001100010011111001100111110100010101000001011101101010010011000000000000000001101110101000
01000001111000110001101000001011111100110110110000111100101101100010001010110100100011110011011101101011110011011111000100101100
01000010001000100110101001101001100100001011110101001011110101100011111101001100100110010111111110000100011000010100010010111001
11011111111110110011111011110101010110110000111011001000000011000100000111110111011010010101000011101001100000111101101010001001
00010111011110001000000110110101000111000100011010110010101101011000111101111110111100000111000101001100011010101110111100110111
11010010000101001101111100100101110110000100001111101111111001010100110101111000110001100000111000001101010010010111101110110000
00010001001101110011011001110011110000001110110100100110101010000010111001000001000001010000011011010101100100010010000110000111
10000111010101000111000011011100101000100011100011111010011111001110001010110000110101000011110101100011100010101100111110000111
10101110010010111001010110011100111100110100011010111000001000100110010010011011110010111111100101001111001001100000101000110100
00110111111100001000010110010010100011100010110110000110001110010011001100111000010101101001100010011110101110100101100011100000
10010110110000011010000011101101000000011001111001111010001001010100101101010001110110011110100010000110001100000011000101010001
11101100111101001101110011101101110101100001110010010110100101000100011000100010111000101101110110110000111010110110100011000010
01001001000100010100000010110010110001000110001000000010010100011100001101100011100110001000110000011100010110110011001010101110
10011001111101101111110010100111010010101100001010110111101011100101101001011100000011110011011101010001101110100110111101010011
00001010010011010001101010011000111000000111110111110111000011101101110100010100110001100110000110001101101100011110110001111001
11101111010001100011001011100101011000011100101111111111101111000001001001001000001111010100001010100010110100100000110001110101
10100000101100010100110100111001011001110100001000101000000101100011111101010110011011100000010010100110000100101011000001110010
10101000011110011000100101011100011100001001001100101110010100110100001001100110100111111010010111000100101111110000110001010011
00001000000000011110000010011011100111110111110000001101111111110101001000110100001110110111111110101111110111101001101010010100
00010001001011000101101100101111000011001011101001110010010010000010100101011000111101001000001100111010000101000111111000110001
01000001010101010100111000011000000110001001101101011101011011101111000100011111111000011011011010000111101101001011011100100000
11111000010011001111101101110001010101010010010000010111000011110011110100000011100111001101001010100100000110011010100111011110
00100001000101111101001101101101001000010001101101001110001001010110000101011000011110101011101000101110010001000110101001001001
10011010011110001000100000000011000001100100011011111010010110101100000000100110000000110011010111110010111000111111001100100111
01010011110111110000100001011011001111000010100010001111100000100100111110100100001110010001111001001010010101110111010101001010
10001100111010010101100000000000110111110001001101011111101111111010001011011000000100100111110011010101011000010011001001110111
11111101000000001000010000000011110110000111010000010111110110111101010101111010001101011101010100010111111001010111110001010000
00111101100100101111011011011111011000011011110101110110100100001110111100001100101011011111100011001101110111111100011011011110
00100100101110101100000111110010100100101011000000001100111000001011111000100010110101111011100101010010001000111110101010110100
11000110000111010001011101000111110111111001100001100011011010101101110011100011010100000011111011110111010011100110001111011010
01101001011110010011111111001011101001111011010011010111000001000000101101100010111110111010111011110110001000100011101000101100
11101111100110100010010101000110101100111000000001101011110010010011111010000011111110110010110011111000100001010101000011000100
00110101000000111001111110110110100001110101110111010110110001111111010100101000110101110110111011100001000000111001100100010111
01100111100010100101011100011000101000000100100111100010011011100101000111010100111010010100111101010010101100100110011011110001
10110101010100111001100110101101000000100000111111010010101000011010101100000101010010011001011000111110101100101110110101000101
10000110001111100111111001110001110000000100110100010011100001000000010101111100110010110101100110111100011001111011110101011110
10001110010110001000001110001101000101000010101101001110111111101010110010010111001111100101011100111100011010000101000100100010
10111000001101101010100100100001110010110101011001000111111001111111101011100000111000001010001100001100110110010010110111101011
01010011011011101000011111111000011100101110100010011101001100111101111101010110111001000110100001001110101111011111100110010110
11001010111011111110011001001011010000010011111010100001000010010100011001011011010110011010101100001000010011110011110110111110
10000010011011101000110101111001100011000001011011110011100100011000011011000110100111110001010110100111100010001111101110111000
11010100000000001111111111110101011101111001010001000011011011110000001111011101010101110100000101000010100111000011011000100000
10110100110011100111011011100110101001011010001100110111110000111101010110110101100101101010111000000100111011110011101101010010
00110001111111000000111000001101111001111100101001011110100101010110000001101101100110000010110100101011111000111011111000111101
11000001000010100110001001111011100001110000111010000100100000010110011110000000111100000110100111101001000001110110001100101011
00011001100001000010011001110111001011110011010111100001101101100001011101100110010110000010100011011000010110100101111111110101
10011111000101100101101001010101001110000101000110001110101011011010110110100000111010101100100110000101110011011010111001001000
11001100100100111100100100111011001010001011000111010110101001101010001010011110000110011001010000101011001100000100110110001101
01111001110000011111001100111001001110000001010111101000110111101011011100001100001011101101110000010000001011110001010101110110
01110111010010100101111100100111000110011010011001010110101011110001101111011100100100001010110011010010000011011011000001011111
01111101111011010110111111111101110110010011011010001010100111000011110010110110011111110110010110000010101100101110111001101000
10100001000100001111001101011001100100010111101011000111110101000100111101000111010010010111100111100011110101001001111100011111
00110011100111100101010010110111010100000000001101111100011011001000110010101010000111111011000010111011101100000111111100100010
00001010100100101000011001010000000011110111100100001100011011010101000010111010110011101010110011001111010000001001110001100010
01101011100000100000000000111110111110010000111100101111101010000000111000100000101010011011101101011010001101001101111111100011
11001000101011110011000110100010111011001100101110010101000000101011111101011010101110111001011011010011000110110000101011010010
01111101100111111110100000010110101010010101000000000010100101011101001011011000011101010111101111110001111101011110101001100110
01100010101001011110101101110010001101101110011110111111001110000101101000110110101011111000000010001010101110111101011100001111
11110011101100100000100000001010111100111101110001011010010111111111011100100111100101010101110011001001100011111110100001101111
10110100111000110001000100001001010000101010110000011001101110011010001110000111111100001010101101111101100011111011000000111111
11100011111011101110101100001110111000011010111010101111110001001110010110011101111110001000110110001110110001011010011100110110
11010011110101001010101011000111000001100100000100000100100110111101011110010001110000001101001011001101011110111011101010001001
00001010010101110000001010111000010000000101100111010111111001001010011101111101111111100101010011101001110011111101100010000010
10001001101010101100100100111010111000100110101111001101110110111101010110110011100011000111101110011010010111100001001100110010
10111001111101000000000101100011000010111010001011000011000001111100001101110011111111001011100000100111001000001010000101101010
10000010111001011110010010111110011000100111001111001110010100010101010110101011011100000001001110010101101101010010111011111101
10011101010011100100111100011010001100111111001111100011100101110101101101111010001011110101111010111100001101101110111000110111
01000110111101100111111000001000111010000100110010111000000110101110101110111101100011111100111111000001100010100000010010110111
11100011011111001101000101110100101011010000100100100000011000111001001011101001011010011111000111101000100001011100000111000001
01000011111111100010010110010101100011101110001101111101000000101011000110000000110111011100110111010001001110111111011111001010
01101111001010000101110011101110010001101000001001010110110000111111011100111110000001010001111010000000111100000111111100100100
11110001010010001010001001101001001101111101101001111110110010011010000110110010110001110100111010010011001100111110001001011011
10100000011110110011000100110001000000011110010111110110101000101111001110001010100110001111101000111100000011100101111110011011
00101011010100111010011100111001010101010001011011010101110010110100111010100001110111000111011100000010111000111110010010101010
00010000101001110010111100001011001101000010111101001110110010100011110000100111001101110101101001000110110000000100011111011111
10011110101000100110010010111011111110000011011000010110101110100111111100110001111111010010011001100110100111110001100110001011
01100000100011110110011011001111000110000010110000000110011010000011011110100011110101110011001010010000010001011111111010100101
10111111111011100110111001110111100000000101110001011011010011011110010010110001111101000110110111100001011000111110010011111101
11011100100010001110101000001111100010010010000101111001110111001101110100101111011111100111010001101111111010000100100100101001
01101111011101100001000101010110010001001111111100000010001010111001110110001111101101000010001001011111100011110111101110010011
01011001001010111010000010101101010111000101000101111111001000011111100000011111111110111101000101110000010111000101011001001001
10000111110001110101111111010101010100100111000100101110111111100000010010011001101110000110101000111100010101110111011110110000
10111100110111100001010010100111001010111110111010010011001110110011001001011110111011101110000011101010000010001110100110100101
01010111000001001010000001010110110101101100011101110101101011011111111010110011000101100001000011001011101111010101000110111011
10001010101000100110001001100110100110111000100101101111010011001110100101101111101111100011010101110011100010001101101111011001
11011010111011100000010100100101011010000111110010001001111001100000100111101010111001000011011001101011110010000110010100000011
10101101010010001000001101000001101101000111000111110000111011100000011000010111100101000010101010011001100011001010010011110110
11011001111000100010001101010000010111110001101001010010001101001110010110001011100110010011010010111111011111111100000010000100
01111111011000010100110101010100010001111011011001010001001011101100011100100001110011101001010010101110110000100111011011011001
11000100110110101100011101101011101010100110100010001101101110010000011011101100110000110101000000001010001100110110011001101001
00011111000011110111010100100100110011010001000011111101100001100010001011111011001111100111101101110010110000111001100000101011
11011100011101111000000011101001100111101100110010011100011000101100001001101110111110001100100111100001001010010011111110011001
01001111111011111001001111000010011111100101011011011011001010001000110000100001011011011001110110100111000000111011110110100010
11101011011001011000010010001111011110100101001101111101001101001110011000001100111000000101000001101000000111010001101000110101
00001111000100110011010000000000000100011110001110011011010100000110100111100111101000000110001001010010010101111000010011011111
00111110011011010010111111110000111111010001100000001001000010111001111110101110110101111100100101101000000010101110011011100011
01101010101101111100010100111101111100001110001110011011010000001010101000000111100100111011111111000010000011101001001011011100
11101000111100001000100000001111100101010011010010110101111110001011011001111111011010111010010100001101101000100100010001100001
00000011110100011101101101110100010101001101110100110110111110000111101000011001101110001101110111101001010101001110001111101000
01100111100101001000011011111011100100110000000110011010000001011101010110001100101100100101101000101101001010101111111011000010
10111101100011000000100011001001011110000001110001010011010000110111010011000001100101100001110100101110010110111011111100011000
11111011111001001100100100011100010111101101010100011101000001110100011001001100011011110010010000000111000011110011001001000111
00000111001110110100010111101111111001110011011100001101111101010100111111101111111110011100101011000101111111000101101011010011
11110100100011000110010110110100110101110001111101111001101110101100111000101010101001110101100101110001101010011111000011001011
11111010010011000010100010101101110000100010001010101110001010100111000101101111000100110101111111101101001000010111000100111010
10100100101001100101010001010111000100000000110101111011011100000101111111011110100111100010110101001100010111100100111100001101
01001000110101110011010100101000011111011111001100011011000100000001101110010001001100111100011000000000110010101011001001001001
10001001100011100011100110111111110100000110101000111000000000100000100000000110111111011010010111100000011011110111111100100101
11111011000011111100110100100110000100000101001110000000100001100000010111101100011111011111010101101010011000100001100000010110
11001011000111011010011010110011100110111001010101110101100110111001100110010110101100010110000111010011010111111111001000000100
11000101110011100001001100010000000110111010000001010101100100101011011101110000000110110000110110111011000100100101111001011010
10010111100101110100101101011110000101011010000000100110010011111000110111110100100101110110010100111111011011011001111100110010
11010101111111000110010110110110101101111101111110001010110111000111001010010111101001010100010101111001000101111111000111000011
00011100011000010100010000101001100000101100010110001000001100000111100010110001101000111010100100010110011101000100011101010110
10111011011101001100100011011010000000110010001111111011011100001010010000101111001111000001101100011011110101010000111111000101
01000011000010011110111001001011011001010010000011111101011011011011011000000000001010001101111010010010111101001110100010111011
10000101100111101111100100100100111011011110100111101101001010000101111010111111000101110100111101011011000101001101001000111110
11100110001000001010110011111011110010010001001110000001000011000110110000010110110011100000100001011011111101110000101101111110
01101011010000011111001010000011000010001100110011000010001101101011110001011101111001101111011101000011101111110111101011001101
01010111110000001010100000001110011110110101110001101001110110111001110111000001010011001110100101111110011011101101100000011000
01111111101100010010100100001000011001100101101011101000000100111011100010111100000000000111000001001001010110010010011001100001
00000001101000100110110000000101010010101101110011010010110100011010101010000101010001000010000000010101111101001000000000011101
01101000101001010111010101101011000101001111000111001100000101010101111100101101110000010000111100010011010000011100011000011110
11110000101011101000101011010110110001100001111101111101001010010101100111110011000101100101110111100100110110001111101111001100
00000101000001110000001111101101111100000101011100100010001001101001110111100111101010101001101000101101110110100100011111100111
11010001000100110011101010011110110110111101001011100010111111110100000001101110010000010000111111111010001110010101100101111111
10001100111110010001110110010111001010001000010011100000101000110011111100000101011111011010000001010011000010001001101100010001
11111010010100101000100010001101001100100110010101110100101101011101100010000100000011100110101010000100100010001110101001000110
00001100011101111111000000100110011011011110001111100011110110101000101011101101010110110101001011010111011010100010101101111100
00111010010110011000110111011100100010111010011100001100001111010111001110101110000010110111001011111011110010111100101000110101
00001001010101001011110110110001011101010110010110000111010100011110000000110111111000110011010000011000011011001110111001100000
11101100001011010010110010010011001011001110000000111001111011110110010000111110001011110100110011100101100010111011011011111010
10000111101010011001110111010010011101101100010000101111110011000001110001011011001010111100001011011110011001110100110100011000
01010001010000010011110110111001001110100000010001011010000011011100100001001110000011110010011010010001110000111001000111101100
01000000100111000111100000101101010101001001100100001101001000010101001011111100110111110010011011101001001110110100011011001111
11001001100011011111010011100111101111101011101111111100111000101010101001100111110010101100000011100111011011100110101000101001
11100010011111010000101010001001110001001110101001100110010010000001000001011110010000010100011100000110011110011100010001001100
10000111100101011001011111111100111010100001010011011100111110001111101001010101100000111110111110010011110101000010100000001110
00000000101100110010101001010010011100101111111001001111111010110101011000000001111010001100100100100011110110001010000111101010
01111000010001000011111001011101110001101101110010001011001011101111110100010100110010111011010101101100011110010111010000010010
11101010111100011100001001101010001100111000110000111000000001010011110111011100010010111011100011001001100110001111100111010100
10011010010100101010101001111011011000001111110001100101000011100011011101000000100100110011000001000000001001110101110101010101
11001101101011110100110000110011011100101001000101101100001100100011111111001111001101001010000110101010000010010100000001011111
00000100100000101001001110000001100010100111001110111100001110101000101000001100010100001101001100101110101010000000101011111110
10010001000010011000100000100101110011010000100001111100011000000110000100100100110110100001000001110111011011000100111100111110
01011111111011110111011000100100111001000011010100101001100001000011101100101100010001001111101101001010010100111101110001111011
11011001110101011100111100000000000001010010100110101011011110011110110100111110100110101100110111110001111011111111101000101010
00100101110001001100101010110001011000001011011011000100110001100001110101001101010111001111111101000001010101001011111001110000
00010001010011110001101100110110011110000011110110111101001010101001101010011100111100100010110011111110011010100000101010111010
01100001011111110110001111000110100111101010000111111001010011011100010001011110000100101111100010111101111010111110001110010001
00111011110001100110010101100010000111110010100101001001011101001111100010111101001100101101011001000101101111010010101010010001
01110110000001110100000000110100011100001000100011101101011001110101111011000010111101011111101110001000010001111000100110011111
00000101000010111011010000110010111100001000000110101011110011000000001001011101101011011111011010001001010010010001101111010010
11000101011100100000110010010011110010000111001111100100001001110011011110100101010100110110011010111100000101010110111001010010
11001101111101110010010011010110001001011000010000111011111110111010111101001110111010010000000001111101011100001001100001001001
10111101010010001111001101011100010000101000110111101101000010001101111111011110010001001100111001000111000111000100100000101001
01111001011001000110001110110100111000000010000000101101100100000100011001001001001010100001110000111111001001000101110001111001
00110011011001110011000001101000101111001101110010111100110101010010010011000100101001001011000110000001110111111101110111011001
10001010100100001011100011010101010111010111000100001001010100001001100001000000111111111100011001000000000101111110101001010000
11111000100101001001100010010000011001010111111101001111110100110010100100111111010100101001001110011111000110011000001011011101
10010000001100010001100010010011101000010000101000001001110000111010001100001000110100000110000011011100100101001011100001100011
10011011000110001101100111111011100100101001001001110101001100010100111010110110000000100101111110100111111111111110010000001000
01111011011100000011101111101001111100110010110010001011101011110110111111001100101100111000110011001101000011111010001101000101
10000010000111111010000010101000100100010000101010101111110001000111001110000110111010001111101010011000011011010100000110100010
00011001111001100000010101110001010111111111011010100100010111001001011011101110000111011001010101100101101010111100101010110111
01010010011000111000101000000010100000010110101111101111011011100000010000001010001110001000001111111101111111111111000011101110
01000111011011010101110110000100011001110000101101000001000010101010000101101000110111100011011111011000011000111101100011010001
00110000000100011001111100111111000101010000011010010110100111110110100010111011010100000011110101111011000111101101110101101101
01110000011100101101011101001111111101111111110000101101101100100011011000000000001111110110000001110010100011000101001100011111
11001111010010110101110011101000000001101110010110100001100010001001010101111001011111101011010001000110001110001101011010000010
01010001111100101100001110001000111000010100000101110000110000100111100100011101110001000000100011010001110001011010011001100111
00100010111010111101101101111100001100010011011100010110101111110000100100101000111001010000001100100011001100110000100111111101
11101001011010110110101101001011000101100010010111110111101100000001011111010001110010110111011111011111110011100001100011110010
11111001011101000001101100101110011100101010111000011111101000011101000001010100110000010110100111100110010101001110101111011101
10001011100010010010110011111010100001110011011101010111011001000001100110001101010010011010010111110010010101011010000001001111
00100011111101010110000100011110110101110001001100000001101101011111001011011001010000100100110010111100111001110001001011011010
11001101001010001111011100111110110010001101001101111111101110100011110011000111110011110101111100000001101100000000011100001100
00111000101010000010011111110110101101110001011010100111110101011100001000110010011010000110100101111010100001101001111110010001
11010010000110011011001101011000011100100110010011101100101110010010010110001110001111101011010010101100010101111100011011111101
01000100011100000000100010010000111110010100110001010101000000010110000111100110100101110111110011100100110010110001110011101010
01000001111011000001011011000101101000010111110011010111101100110111000100110001011001111110111110110101011111111111000110110011
10100000011011110011101011111101010111010000110110000000110000001000010101111101101101100010001001101001010011000101100101010100
10011010100100011110111011111111001100110110110111001101111100111110100100110111001001000011100000100100101010010011011100110011
01111011101011010011000000000110010111011001110100000001100111110010001101010010100101110101000111011001110100111010100110011100
00011011011000001110110000000000101001101000100110100110011100000101110111010001110000100011011111011011101000101011010000101010
00010001011111110001010111101110001000011111101110000111101001011001000000100110001110000000111010110011101001001111111110111110
00010100110110001001101100111111000100101111011000111010011111010101111101001000010100011011011000110111001011011010010011001001
01000000111011110110010100010001001101101001101100101010010001000010100001101111111110011001101000110010101011010111110110110011
11001001111000001100110010000101010010010100010101110001111110110100111010001010111111000101111101010111101010000110001000010111
10000001001010010000010101100011110011100011000110001001111110101110110110111100110100000111100100000001111001111001100100111010
01100000100100101011001100011011110101010001100011001001110000000010001111011100001111000011110000011100110111000010101101111101
01001011001000111111011000001011101001001001000100110000001001100101110010111110011000100010000110110011111110100100110011001001
01101101110100111110011101110110000101111011100111101111010111011111010000101001010010000110111101001010001110000011111011101101
01101001100011011101001000100110110010010101010011100011111111000001001001001000000010001101111111011010001111001001100010011110
11101110101010101010101000001010001010001110011110011100010111011011010010111101000101110001101010000101111111100000010010110001
00001000100010101101100101011100011011001100100100011000111000000011101000010001110000011000110110100101101110111010010111001000
01100001111100010101100010001110010100111100011100010001101010010001111001001111101001011001010011011110111000001010010100111110
01011110111011100100001111011101011111110000010111010100110100000110000110100110111000011101000100010101101000010111011101010110
00010001001001111011010001110011100111101100001011001000101011000111001111110110010110110101001110101000101000100011101100110011
01010011111100000001000111001111100010100100110000110101100011100011000001101110011011010101110000100011110101111100001100011110
01010001111010111010100101110100111100011010111010110000101010001011100011001000111100011101110101010101011110101000001001101100
11011000011110011000101111110000101110011000100110110010010110111111000001000000111000000001110111111000101110100010110101001001
11001010110100100110000000010111001011111011001011101001011010100100110011100000000101010001000101011110010110101000001010111101
11001111100000111000111110001111101010010001101111000010011101101001000010001011111100001100011000101000110001110001110011110011
11000010110111100101010100110001101110001001111101100100011100001101010101001111100111100100111101000001111000011010101110101111
00101111100000000110011100011100000111000110100011010101010011110001101011110110001011111111010110110011011110010111011101000000
01010101111011001010000101011100101110100011011010100110100101000100101100001101111111000101111001110001001001111110100101111001
01010000111110100101101001010100101110000001111010100011111101000000011110111001111010101011011111010000001011110010111100010001
01100111011110010011101001001101100010100111110001000000100001110100111011000101101001111011010010111011111100011100110000011000
01000101111101101001100110001100101111001000111100011111011111101000111101011001000000100101010110111000111011000001010001011111
10000101101110011101110011010001001111001111100100011010100100111000000010000000100000000010111110001111010001110110101010110010
10001100100100100000110110010101011101011100010000011101000101101100100110101111010000100001110011100101110011100001011101101010
00011011000011101111010001000001010000011110000111001100001101001100001011001110010110011100100010001101101011011101000100100010
01101101000000010111000001100100001111101010010101000011000110000101101000001100101001111011000011010011001111011100101100100010
10011000011000011100010010001100011001111100000011000110111100000001011111010000101111101100001011011011001011111111100000010001
10110000100001000101101110010111100100111011100001001110000010110111110000000011001100100100111101010000011010110100010001001011
11000110111000000100111011000011100100001100011110100000001100101010100110011001100111000100101010100010010000110110011101100000
10001111100011010000100000000110001011100111111001011000101110101010011001010100010010011000000001001100011110001100111000011011
10001011111000001010000001010111100011100010101000110110111101011101010000100011000101110100101100001000000000001111111110011001
00011101101001010111001111100111100011100100101011111100010010001001001010010100101011100010011011111100100100100101011010001101
10100100011010101000000101001101110100111101000110010001100110001101011101111000110011101011010010111000011101101000110111110011
11110101111100010000110001110100010000111111110111010001000010011010110000010000011010000111011011100110101000001010100001100011
10010011111001000001101000001100001011100010001011111111111101110000000010110001101001110011110110111011100111001110011100011000
10011011001011000111101110001110001111110101111011000011011111011111100011101101001111111101110000111010001110100010101111100110
00100100110111011001001001101011111110110000101101100011110100100001001111110100010111110010101111111110000010110110011000100100
11101100100000001110011000011100000010111101000111010101000010110011011101101100111100111010011011000011111111110110111010000101
01000111111100100000100011110101000010010110001111000010011000000110011100011010010010011010101111110010001110100011000110111100
10101010111101011100101011000101100110110000000001101101100011000010100000110101101000001100100011100001001100001101011111010010
00101000000110101011101000101101001101011100110110111000010101010101100010001010110000000110010000110010101000001010000100011010
10111000111010001010010010110111011000110000101001100011011111001100110110100100100010011110101101011000101011101100010100101000
10100010101110011001001000101010001001110010111000110101100010101010010000010111101011011111000101111100101011010101100111100100
10100111011010111101101111011010010000110001110010001100011110100101110100110110010011111100111010100111010001011101010010010111
10010010110000001010110110100000101010101111000011000100101100110010111001100001001110011100101011110111011111010111100101011101
01011101100001011000010110011110100101011000111110010100110100100011001100110010001101001010010000111011000111111101110111000110
10110000010100110011101110100100111110111011110101001011000000100110100011101001101011101010000101000011001111110011000111111011
10110000001110110101000101011111100110110100100100001100001010110010011110110001111111011001011111010100100011111000101100010101
01000101101111001111011000100001111000100010000100010110010111110101100111000100011101101010110011010001100111111000010111011111
10000111010000011001010010101010100010010100010111001110000001101000111111100111000110001001011000111111111100001001101000111001
10000010000111000110110110111100001011101010000011101010001001101000011100010111100010010001101110101100011110110011011010111011
10100000010010101011111000000110010001100000010111111000100001001001001101111010110010000111100010000001000110000001001000010110
11101101000101010111101111011100100011000000111110010011010100101110011010101101101001010001110101010110110011110001000100100010
01010100011010100000110001001001111111011000110010001111111011000000111000000100011011011010000000101000000011100001000110110110
11010100101110011100111010110110010011010011101000000110010001011000001111000000010000100101111111111110101001000100000001101010
11000000111100110100100100111100111111111100111001111111100011111000111110101110000111101101100101011010011101001000001010110010
11111001000110110010101010111001011111101010110001011010001010010011100111110000011110010010100000111011111000010101001010101000
10111110000011001001111101010011100011101100110111110110001111010101001110011001010010111000100011001101100010101111010011111101
01001100110001100011000001110011111100110011101101010100101000111000001101110001101000111000110100001111000011101011010100010101
10100100000100100110001011100111010101001000000011110111110010001100100100101110101110100011111001000001111001000011101001111100
11000101100100100001000110001110111011001111110111100001101001101101110001100011010001100100100001111100000100000011100110001000
10011011100111100101101001001101110110100000100101111101010100100000011111110101001010111010100011010111100010010100000110011110
00000101101110100001010101000010111010100011010011010011101011100100110101010011000111100000100101111110111010110010000100001010
01011011101100110000001010111100000101000001111101110100111001000010110101011001100100111000111100011110011011100100011110010000
01010000100101111001111111101111001011110010101111111101100010001101010111000011011001000110010011100000110001100000011101010110
01011010010011011011001111001001011000101110101110111000001100011011110111110001011100111001101111110111010101100100110100111110
10000111011010100001100110111011001111111001101011101000110011000010001101001101101001011001100111110001011110010110011001110000
01111001101000110000101001000000101000011110101010011100011110001000110110111010011001111110101011011100101010101101111010010001
11010110100101011111010110001111100101011100011011110100000110001011000000011101100101000110100100010100000001011001111000110110
11111010110100010001100001011110111010001111100101000011101001100000100111000011110110010011111010100001010010010000110011010110
11001000110110110000011110101111111110011011101111110101110000000010110101011001100011110111000101100001101111000001001110000000
10101001000010001010100100010110100000010011000011101111010011101101010001101111100101110011111100100111100101100111111101000100
01011111101101101110100010111100010100101111111011100100001011010000100011001101110111110111011101000110100001000000111011001010
11001000011110100011111100110010101001101110100011001111111001111110001010111000111011011110011001001110101001010100111100110001
00011111110110101111001111111101001110011001000000000111101101101010101001001011011000101000000001110000111101101011011100011001
11001110110001100011111110100110011101110111100101001110001010111100011010100110011111101101011011001000011000101100010110010011
01101101101001011011011101101101011001001100100110110011001010111110100011101111010100011010000010010110000111000100111100101001
10100001011100100111100100000111111111001011110110000001100010101111100111001111111010011111110011111001000001111100001100100101
10100100011000110100011011010111001000010111100000100010100101111111001000001110100100010001100001000111101001110101001011000011
00101100010010101100001111101000001001010100110111010101110011001101101101111010000110110011101001000100011011010110100000111001
11001000101010111101000000000001010010001111101011000101001011111100001111011101000111111110001011011100111011011101111011010100
00011110100000011010011000100010110110101100101001001010111001101011010010011100010010101101101010110010111110111101111110110000
10101011010011111111111101011101110101001101010100000000101101110101000000111001001111100000100111100010111000111000110011000101
11000010011100001111111100000111100111010001110010100011100101010010000011011010101001010111010111100010011110010101101011001010
00001101010110010011100101010101001101001101111111111100101100100001010011110100111010111010100010101100001111110011110011011101
01111010101011010101000101111010111111110010110100110100100111101001111111001111001011110101100100101011011110010011001001001000
01001010011101101101000010011000100111110110110011001010010100001011001000101100100111011000111010111101011111011101000000001011
00100100101101000000101010000110101110100100111011100110011101111001011001101111011111001110010100011101111010000100000011111010
10000100001110100101000011111110001111000100100000010010111111100010010100101110100011001110110110011100110110010110010101011101
00010000101111010110100010010100111100111111100111001110100010111001111011010011100001111011001111011101001011111010011000001110
00011010110000010101110100100101111000011111001000000000010001110001010000010111110101010011000000000110100100111111111101001011
11001101100001100000011100001010111111000101001000110010111011111100111010111110100101001011100110011101100001111010110101000110
11101011011101011101001101001010101111101100001110100010111111111111111110110110001100001101000011000001111110010100111101001101
00110011111001111100101110010010110110000011001000111101100000100010001001010001000100010011001111001110100110101110101011100101
01100100111001010000111100111001011011110101100011110001111001111010100101000011100000011101001011110100010001000110001001110110
10000001110101100110101100000111010111011001110001010001000010100110000000101011011110100100100100011011100110011001100101011110
10010001010110110011010011110010100000101100100100101111111010100101111111100000001101010110100010001100111100101101110110010000
11111001100001001111111100010110000000111101110111011001110110000001101111010000011010011000010011001001110011100010010001001010
01001001011010000111001010001111001010010010110101101100000111100100000000010101000101000111011000100000001101001101101001011111
11010111001000010000111000010011110001011111111011011001010110110010100111111111101100100000101011011110001101111101011100011000
11001111100101000001101101110010011100100100000001111111110111100000010011000111110001111011101010110001001100101101010111111010
01111000110010000111011111010111111011101110011000110100000100011100101000101101011110000101111011001000110011101100001111010001
01110111001111100100111011111101001010101000110101111001000000110101010101000111001110001001011000100001000101010111010101100011
10100100101110010001001110111011010001010110001110111011101101011101000011101000010001111011010001101101100111111111100000111011
10011000110100011011111010101100111100010010001001111100000010000101100101101111010001110101011001000101100000011111100110101010
10100001001010000001011010101110100101100011001010110000011011100100000111100101101000100111101100100000001111011010011101011111
10011001001000110110110111100000100101100000110010011010101001111101111111110111001000010011011010010111010011001100000101101100
10011000101111000000101101100110101010100100111100001101011011101010001010100010111010100101101101111010000100101001110010011111
10010100100110010010100011101011101010110101111110110100100011011110110110011011100100011000100000011011100111001111001010101100
11110000100000000101111101110100101010111000111111110100110101011011101011101100100110111100010111101111101110101100101011110100
00101110110111011011100100111001110000110010010010000111000010101000010101000000000111110001001111110101001111100110011000110100
11100001100110111000111011010011010110110101001101100101011110101111000111011010110101100010000001010111010011000101110111001011
10011110111011100011101011010111100111010010110000000010011100011111000000000011111100010100011100010010011000111111011011010101
00011101110110000111011010100000011011111100100101111110011010010000101000011110011101100001010101011100010111101101001000101101
11000001111011001011010101011011011111111110011000100101111101000000001001111010000011100111010101100010100101001100111101100001
10100111100001001110110110101100101011100011110010000100011010101011110010010000001000101001010100101000100110010110110101101100
10111101000101011000010000110111010101100101101010101010110001101011010000111000101101011001100001000110111101011011001010011110
00101011101011011011011111110001010000110111011110110010000111000111110011000011010001111100111001100000111011101101011111000101
10000011011110001000110100110110010100111010011100000110010011101001101101011011100100011010000100011101100011000001011101110011
00011101101100011110110001011010000011100011111001100000100100001101000011110011011101110101010010111101010010001010100011011110
01010100000010011101010010110100110001011110101110100011000010010111101001000101111011010001110011011010100101111101000100000110
10110000000100110011111101010111010011011011000111100101110000011111010111011011000000101111010110010101111110001100001010100001
00001010111011010011111111000010101011111011111111000111001000100011000110110101000010100000110000110010000011001101111000111100
10100011100100100111101001001000110010111100100110010101010101011101100001011010001110001100100011011101110011010011111110010100
11011100101001111010101010011011001010111011000000100001110001111000101111111111111010001000101000111010101110100101100000010000
00000110100000000110111111001011001011001101000000010010100010010010101010001011000011100011011000110011001001101101001101010000
00110010100011111111001110000010111101101101000101100111101101111010011010100011010011011010110000111010001001000100101101111111
00110101000111011010100010010111001111110110001101001100100001011101101011101000100101001011100001100000100111110110010110110100
10010101111101100000000100010111010000110010100000010000010110010110111010100100100001001010001010100111010100000100100110111100
01101110110011101110100111101110010110011001000100000110110111000110000001100000110001110111011100001110010000001011010110101111
00110001000100000100000101011010110100101000000101110111000000001011010101111100110011011100101110111110010011111111000001000101
00011101111101101100010110011101100010100100111000111111000010110101001001010101010100010000001110000110111001100100111011100111
10000000111000011100011101111110101010000110001011010001111001001110001011000101000001000101101110111111001000101001000000001010
01100011101001101001001101101101111010010000101010100011010010011111100001011000010000101010111010001010101001000001110101110101
10011100110101000010110011101110110100010100010011101111111001100111000101101010111011100000011101100010101111000100010100111100
11100101111000000111111101001100001010010010000010100000001101010111101010110110110010001001001011110011010111011001101110001001
10110100010001110100010101111101110110010101101110110110001010110011010101001010011111011011010010110000011111101001111100011000
00011110010011001010100010011111011100101001010000000101101111101010111010111111111011101100000011101010010001010100011000010001
10110111010010010010110010111111000001011110000010100011100110010010111010011101111000001000001010100010100000100011100100100111
00001110001111101100111101110110100101011101001010001100001001111010110011111010001001011000111100101101000000100110100110001010
00110001110001110100010111011011101111000100100001111011111101110011101001011001101101111011110001110111011011100111011110100010
11101000001101010001101101010011100001011011100000111001010111111100010001000010111111111101101000101010011010100000111100000011
10000001001110011111000011011110110001001010101100010110100111101011010010101111100000000111001111100101101110010010100111000101
10010101101111010100100100100110101101000110111110110110101000100001100100101101100111101000100010011101010110101101111100001001
10000000001101101100001010010000001111000010111110101111101111011101011111001001111100010110100000100100101011001101011010000110
01101101111101110011101000000111111101111110111110100111100000000101110001000101010100100010100101100001001110111010111101110101
10001100000001101111101001100101110100111010011101010000111100100111101000100110010111111111000011010101001001101010101101011100
00101101101111000000111010100101011001111011010011001010001010101100111001101000111010001111010101001011000000001101111000110000
11110011001100000110000101001111001100001101010011001010101001000000000111111101111111011010010111101010001001110000010100100110
11101000000001100001110111101001001001101010111001011011001001011101101101000110000000101011001011100101100010111110011101111110
11011011100010010111111101001111100001100111110100010100010111100011000011001110011000000111001001011111101100000010111010000101
10011110011010101111110101110011101001011010101101111010100101100101111110001000011101011101000010101110010001000010101111101011
11000001001110001111000110101010111111011100000111011011010011101111000001100101001011011010000100011011010010000111111100100110
10011010101000011101011001011101000000100100101000111100111101100000100100111011001001111101011110001101101001111100110010101001
10100011100011011110111100111110111001010001000110011000100001110100111111100111101000000001101101010111001000011010101101000101
01100011000001100001000111100111000010011001101110100000111001111010111000100101111011011010001111101101101110100101111100101100
10110011111001100110010001001101110001001100110101011100111010000001110100001011001000110110000000110010000011100100001011111101
00100111111011000100001001001101000001101100111111010111001101101101101011001100010000010000100101011000111000000001101000101110
10001111110110001001110110011011101100010000110010000010010001010101011001100010111010001101100101010110110100010000110101000011
01111100101101110111000101000110001001000100110011110010011010100010101000000110010010010000101010111000010111111011010111101011
00101011010111010101111111101010011000001011101100001111101100111101110101000001100010010100011110000100010110010011101001011101
01101001010001110111001010110010101011111100000010001101110111000011001000010001011001001001100010000110110100100100010110010011
10100101101011001010000101101000000111010101100101100111100011001011110001111110111111100110001100100111110100100110111011101011
00011011100100011001000101110100000110001000111110111100101110011010101001101111111010101100010100010111011111110000110001111001
00100001010011111101110010110000011001000001110010011100010100010110100011011011100111111100011100111010101000101101001111111011
11101010111101000000000000101010111011100011100110010000110011011001000101001010101000101101011100011000011101011100101001011011
00000110001110111111011010001110100111101010101010100010011010010111110011010000111111000011001010010100111101001111101101011100
10100000110011110110100001111101000100001110000001010100110001011100010011000110101110000110110110110100010010110100100110110010
10110111111100111110001111010111011101001000111100010110110001011111101110110110010101101010010111110001010000010111000000100110
00010110001001001011110101110100101001101010010100100110011100101100000000000001101000000100101001001001011010100011010111001110
01101100101100111000110100001100000101110000100000100110001110001010000001001110100010101001110011000010011100010010011110111001
10010101101111111010000101111100110001011010110111111111101110010010110110000101111011000111001100101000110001100001100101011000
00000001000011001101111001101000101110101000110100101010101000101000101100000100111001001011111100000100011111110110110101100011
10101101010100111011001001101000010110110101111101101101100101010110011011111000110111011100101110110001001110010111101011101110
11101001100011110000100000110101100100001000111010100101011110000100101100010100011001011111011010100100010011101100010100101000
11110010011101101100100111110000010111100101001101101110000001011001101000110100110010011101010011001011110011100101010000111011
11010010110011111000011110101000110110010110100101001101011110100100000010000101010010000100111010001100000110001010111010101100
10100000101110110100111001010011101111100110011010001000110110011110100010100010000010010111100111000000101101101100110000101011
00111101111111111100011100111000101110000111001011100101111100110111101010100100011111011000001011100111100001011011010001111011
00011010111110101011011001100001010001111011000100100110010110111000010111101000101110101001010110111101101100011000101111000001
00111101101000011110100110000100110011111100110111101011000001010100011100010010001011011000100111011111101011100010011010011100
10001111000010011101110111001101111001001100110000011100001111001001100110101011100001010101100001100000111111100110000111100101
10111011101010110011001001010001100110011111010000011001101110010010111000111110011001000001000100111011101100010000000001011001
01111111101110010011100000100001001100101011100010101110100011010110001110001010101100111010011110011101111100110011101111110000
00000010010011010111111011101111110000001101001100010000100100111100010011100001011100011100011101100111000100100001011010000001
10101111101010000100100100111000001001000101100010100001010010111001001010110011000000010001101100011001011001010101001111000101
10001111001100011101010011011100010011111110011010100111110011111011111001111110100111000000001101111110000110110101110001101001
11111110010100011001101110000000001001000111111110110001010111010110100001101100001000110010100011011101001000011110111100000101
01110010101010100011010011101010100010001101100100110010001100100110110110010110101011100001001100101110010111010101011000001001
11011010101000001001010000111100001000111001010100111100011101110011010001000011001101111010100011010000110000000101011001111111
00010111110100110101111111100100001000010101000100001100010111101100111011111110101010010101010100100110101100010011110011100110
11101100000100111111000101010100100010000101110111000110101010001001001011000011010100011101000011011101100111000100110110100001
11011000100111000000001010000100001100010000110110111111001111100110011100001110100001100100101111000100000000110111110110100000
00101001001010101100010101100110011010111000100110000011111001100111101011101110010100101001011111010110110000001111111110010001
10101011101011101100101010001101110000101110000101110100101011100101001011111111100111000100100101010100011000010010001001110010
01010011001011110110001010101101001101111111000101001010111101111010110001101100100111001000001010110010110010011111110110011111
11010001111110100100101110101011110110011101101110001011011011001010101110010100101100001101010011000100000111000101001011111111
01101110001100110100000011011110100110101001100101101100101110101110111100000110010110001101010011010000001000011010011010010110
10100101000001100100100010001000101100111010000111001100110100100000110001111111101100000011000011000110011111111000100001100000
00111011110001000001110001101011000101111010000110101110100111011110100111000100001101001111110010101110110001100000100111011011
01111111100011000011111011000100110110101000111100100101011100001000001001111101110101111110010110001110010000010111000011000110
01110010110101110111011000001000010001000001101100101100100010111100111010000101011000010100111110100111100111101101000111111100
01010001111101001101110000110010101100111110001011101010111000000010100010110100001111000000011100010110001010110111010001100110
10010110000110110100110101100000100001010000011100111001100110001110101000101101111111011000001000011001001111010111010001011111
01100110110111001011100010101001111000001010100000010000101110101010000100100110010101001110100111110000010111101100011101101001
00100000100100011100111001001011001010110101100010000100010111000001101011011001110100001001100111001011010111000000000000010010
10101101000111111110101001100010111110100000001100111011001011100101111111101010101111011100010000110111011001100110110110110111
11010001011010011001111000100100011000111101010001101010111100100011111000010010010000111001000111000001001111101000001100101010
10111110111000110011001001010100001000100100000111010100010001101001110011001001100111111101000110101000101000010110011010010001
01101111011111100011101011110110011101110111100100101011010000110001001010101100100011011111101101000100011000011100101100010101
01000000110101111010100101000010100100001101011101000101000111001110001001110011010011100001110101110100010011000110011101000000
00100011011101000010011010100111011001010011100011101001010001011110101101011100110000110010000101111010101100011101001110001011
11001010001010100011101100101110111010101110000100110000111111010111101000100111010110001111000010001110111001010010100000010010
10100100011010110110000101101011111010001000000011010101011011110000101111110111101101011000011100111010101001000000011010100110
10101100101010101011011010000110100111000100001011101000010101100100011011000011011001011010000000011010111000011000101000010100
00010100000101001100011101010100011000001100111110110010001011010010101111110010011010011110111011111101001011001001110101000111
10001100001011111101101010000000010010100000100111100011111110001000110110010010000100110011101010001101001111101100001010011110
01001100000000001011100100111011111001101011101110000011101010011001100100000000100001110000101101010101001100110001101111001111
01011000101010001100101111010011100011000100101010001100101011111010011101010001111001010011011010100111000111100010101110101011
10111010111000110011000000101000100101100110100101100010001101001011001000011000000100001111011010010001001110100110110001100110
00010011001001111100100010011011101101111011110111000110111000101000110110000101011111011110101111011111011001010101111000010010
11101011010000100111101000000000101101000000100011111101001110000001111110011011111101100110000110000000110011011111111110101100
10111100011000000110101001101110111010100011011110110001110000000100000101011100101100111110101111100110010100000000010000011100
10011000010000001100101111010010101111101000010111001001000010000001001001111111101110111110000000010011011101001000110001101010
00101001000001000101011101011011010111001101101010001101000000101101100100110010000110100000111111000001100110111110000111100001
10000000001010000111000001101010001101110100010100100111000100000000111110100110011101110000100011001010110001101100010100101100
00111000001001001101111000010110110001111001011110101011110100011111010110010000111011000001100001100010111001010100010110000111
01011101000100011110110011011111000001111101101111111000010111010001110101000101100101101001001110101110010110100011010000110000
00110000001110001100100111011100100010001100001011101101010000010010000100100011010101101101111010000001110111000000100001101010
00111111011000111111011001000001111011001111101111111000000111010101101001111010111000100001110010110000111111000000010101100100
00111010111001100101110001110100000111000111101111011100011101101110000110010101001001000101010100111100100000001001001011011001
01001011011101100111111100101100001001101011000110010000000111000111000010110000101110001110100000000110011011101101000110000100
01010111000011000011011110011000111011110000011111101010000001100001001101100001001001001001110101101001111000011100000100100011
01001111011111110101010100110000100100110110010000111100001000110011110110011111111101100011010011011010000100001011110010000001
11110001000010111010000101100000100101110101010010100000100000001000000001010100101100101011010000011010010111001101100010010100
00001101100001000101000011011111001001101010000111100100100110101111111010100000100111011111101010101100101110001011000110100100
10001100110111011100111110111111001110101010110011011100111111101111001000100100101101000001100011010101000111111010101100100011
11100001000111000010010011101101011001100011000011110111101101110001100010101100011111111001011111111010010010111110011110101111
01001001111100111110110111101010000011111010101111000101001101101110100011010011111000110001001011100101111010000011000001010000
00011001000110011100000011000011010100110000101010111101001001000101100001101000110001101011101011101111101011110111110001110100
11110110101011100100000011000100000111010111010100110011100101101101011001101100010000001000111001010000001011111011100110111101
00010100010011001000011110110101010000101001010010101100111101000000011101111000010101010100011101100100100111001110010101010000
00111001001000000010100111101011111010110010100110111000101011100001101100011011010010000110100100100001011011010100011001101011
01110111000000101010111001001110110111000100111001101101001010100110000101100110101100001010011100011100100011010010000100001001
11111111101001000011001000100011100011110111000011000011110110101000010110000100110001001101011010001010100011011000100101110100
01110011010010111001101110001111000000100100101010101000111101001010011010011010010100001010011001000100110101001110100001000000
00011101010110000111110110000101010000011001010101001101010010110000011010111010110100001010110001100110001101011111100011010111
00010101101110100010001101100001100011110110110101011010101010010100011110110001011000010010110001010101100001101011000011101110
11101110100001100011001110011111101111101111000100101111110011110110011011000000101110101100010101001111001000010101111000011010
10011111001000101010110101001101101101000110001000100101111100001100111000100011010110101111000001100010011111101001110011010011
10110011011001000110011001101101010111101000111111010100100111111100001011011010100111101011110010101101101100011100011011000000
01000110011000000001111111011111111010110111001100011001010101101110001110000111110100011010111000101110010101010010011001000001
00000001011000111101011010100011110100001001111000100101110010101001110000000111011110001000000011110010111100011001010101101010
01101110100001110001100011011010001011001001101101110101011101011000111001000111100001100000100000111011100100110011101100011001
00110001011001100000010011010010110101111100101110001001010111100110111101110010111101010101010101010101110010100010010000000001
10000111000111001010110101010000011111001000010010111111111011111101110010100110100110011011010111100110011110010011101100001110
11010111100010010011001011111000100011110110000111110000011010000011000100101000101000001111000000101000101101000101100011001101
00111000110111101101000011100000101011000110100001111101100101011100111011100001001011011111100010100011100101110110110100011100
10110010110110101100010111010000001101010110010110011111000001000001101100000101101011000100010001101011110001110110001010001010
11110111000001110100001000011001011010000100101010011001101100011001000111111000010110100000011100111011100011100010000101000111
10111111101001111000111100100101100111110111101001100111100001000000000010101000100010111000001001111011010100100101101101110000
01101101100100100111001011000010001011111100010111101010001111110000100110110000001001100110011101001010011110000110100011111011
01010101111111110010101001100001011110110011010000101010110000000100010110110110011100001010000011100111000100010010110110101110
10111110010011010011001001111000011010101100110101111001000110010101101111101100011010110100010101111010010101011110100110001111
01001001100001101100000010100000000111000000110110101010111110001101010101010111111000001010110101000000111010100011011000001100
01100110001111010001001000100101010010100001101111010001111010110000000110110010011010111001001100011011100000011101111010000101
10100010101010110001101110101100110111011111110110011011100010010000100101110001100000000011000010101111110011110011111000011100
01011010011000001110010100110011001010010011011100000110001100101010111000111111010010001111111100101000101101010001001111001100
01001111010010110010110100111010001010010111111000110101000001000001011011011101111101100000101101011011010000101011011001100000
10100101001111110100101101100111100011110000000010110110100000100010000001010011011101001011000011110100011100110101111001010001
11111100100110111011101100010110010111001111000101010111001110011011100000000101011000101001111101111010001010100111101010001010
01100110010010110011011110110010100011000011110000100000110110000001110011001001000111110011010100101000100011010001101110101001
01010100010100101010000001101011010101001010011011100100011110101100100110111101111000100001000011110011010000110001110111010000
01110101111111110111001000101011011111011000110100011100100010000001010100011000101010001100001101101011010011101010011100011010
01000000110011101001110110011010001110111100110000000110110011000010000010010100110011011111000000010011001111010101100001101100
01000010111100100000101101011111110010110110111110101100111100101000101001100100011111001110111100110001001001001111110001010010
11111110110000110000110100111011111100101111111101011001101010101110010010101111010001010010110001010110110010100111111101011110
10100111010000100101101100101010000100101111011101101000001100110010100110110110010001110000100010010010001110101100001111010110
01011000111000000101101000011001101101011101001111111100100101100111011101011101011000100101011111000110010010100111010100110100
10101011010010010111111000000100111110110000101110011100110101110111100011010010100000101000101010111000110101100010011100011011
01001001101110001100110111011110011000100100010000000011010000010111000101001010010101111111000101010110000001101011010101100110
01111010111100100110100010000011101100010000110010110100001101101100111010010010110000000011010000000010111111100110010001111010
10101110001111010100000100111010010010000011111010101111101000000100110101010010001011010101010100000111100100100010000000001101
00001110101011111100100101101011000011001101111011010101101011001011111101011110101011100110111011111111000001001110001000101111
10110111111111101101000101110110110010010011010010001110001000011010010101111110011011111111110111100100010001110110010000010000
10001101001011100001101111111110001010011000101001111000111011110010000011001011011110101000011011001010010010000010111101101001
00000011110100011110011101011010011111111110001011000010110001000100001001011101100011000101011101000101111111111010001110110001
00100101100110110101110101101011011101100100110000010100111011110111010100011101100011001011111010000101001110010001110000010101
10001000101111010100010001100001111001000101010110000000010011001010001010010100010101001101101110011110101010110111100011101110
00110000110011110011010110111000010100100001001101101001110100011011111001110010010010111101010110111000000011001011011010101000
11000110010000101110101101111101101011110101110111100010110101000001111011000011111110110011101111101000010001111111011101110000
00011001101100101010001100001101111110001110100110011111111011111000101110100000111001111100000001110000111011101100100010001111
10101100100001110100011111111100011011100111101010010111101111000111000001000011100101101101011110000010111010000101110011110100
10010110011100111001100001111111010111010001100100001010101100011110111010101110011110110011010000111101110110010010001001001001
