00001101101110011000001000111111010101101100101010100110111010110000110100111111000000111011101111000110110001010111000001100001
10000111010010010101110111010000011011110011011111001000010001001010011100001101110100000110000100110011111011110000001011110110
10110010000110110111111000000011100011110001100110100001100110010101010111101110010100001000101000110000010110010100100010100100
01101101110101000001011010100101110001111000110001001001101110110010010100001101011011011111011111011001001001110100100011000111
10010000110100110001100000111010100010000110101101101110111111100011000100011111110100010101100110011000100101001010001001111000
11011101001011001101000000010000110111111001001000010111010101100001011100000001011001001101101101011000100100011010001001011111
10101100010011101111001111001111101110111101101100111111011010010100110101111000110010010111100111011111100111011010101100000011
00001011111011100100110110010000101011100011111011110001111100100001110100110010001110101000111010000110000101011001110000101101
00001000101100011100100001111100110010010011001010110010010101001010010100100010110110111101000010000010110100010000110100100101
00001001001010000100011000011001101011000110010011001011111111111101010101100011111011110010100010100010011110011011010010001000
10011011100010001001011101000010110101010000001000110110100010010011000110010001001011010001110000010011110000110001100000111100
11100011011001011001010011111110010001100011001011111110001111001001010000011110001101111010000101111100000010111100000010110001
00110101001101100100101111011011110111100100011011000101110001100100000011010101100100001101010101010011101111110111111111110000
00000111110100000111010110111100101011001111111101101000100111111000110001110011101010111011000111110110100011110110110001000000
11000000100100110110101011010101011011001110110110011000110101111111001011101000001111101011011001010111111100110110100000001111
10100010011010100101110000010110000011101100110011101111100011001101011110011110110001111010010010100011111001000011010001010011
10010010000001011110101100010111101001011111111100000111010000001001100010100110000100110011000001001001011110110101101111000010
01100011011100011101100111101100001110000111000110011101001100100111000111111010011010011100101010111110111001111001011000000001
00110100000111110101001110101001010000010110100010001110101000100110100001110110110101001001010010101111100110101101111010101000
11001001100000100001011101010000111101011111111011100000010011111100011000100001000100000000011000011010000001100000000001010001
10111111110011001101001010100100001101011111000100101100101011010110100101100010010110100111010010000000011010100011011110001100
00110100010001010110111011110101111010011100011000100000111010001110110101000000101101010001011100010100100100101010110000101101
01111010000101101110101001111001110000010001000011110110100010011110011000010011010000011001001111000101011000101111100101110001
10000111010110110001001101100100010110101010011011111010101010001001000111011001110011001010100011110101111111011001010000111001
01101010011011011111001001010111000101010011000000111100110110011010110000100110000011110111111001111111110100011011010110101111
10110010000000110100100001111011011100110110001100110000010110110101100101101000011101011110100010100100110110001110000100100001
10100000100000010011111010110000110110011001010110000010100010010001011100011100011010010011001101010100101111011101101000100011
00010001101101101011100000101101011001000011111100110001011011011001101010000100101100001101011101010011111110011010110010010101
00010001001111010101010000110101011001001110110100100010101110000000100000010011100000011010001110011111111011100000110000101010
10000100001111100101001110101111001000011100001101010111101111101001100101100001001110101111000101000001011000011000101000100100
11011111001110000000110010011100000111010101100110010010001111101011110010111110101110101010101100100001110100001010010111010101
10000000000001100011001000001011111100011001000100001101111100101111111111111100110011101100110001111010000000110101101100100100
01100101110101100111100010001000000110000100000000100011010000100100101001000001101101110000101110011110000000011010000010001100
10100000110110011101111011110011010111111010011100101001110110110111001100000010101110110100100001001001100001001110011001101111
10011101000101010000111100001010011001100110100000011001110110111011110111001110001101000011111111101011010001101100111100011101
00010001101011111110110101100000001000101011100100110001000110101101011100110010110001101011101000010110010100100001010010100001
10111100001110001001110001100110111000110111011111000001111111101111011011110011001001100000010100111101011110011001011001001000
11110010011001111001101100010110011100001111110010001100110001110111111010111101011011000001111101100011010110100001100110000001
01010100000111111101101000000101111100111100011111001010110101111010010001101010011011100110011011111001010010110110111001101000
00001001111001111000101000101000011110000110011011010101000010111000111001011001111000100000111111100001000010001000100001111000
10101011010100011100010001001000101101110110110001100000000001011010001000101100101101011001110111111110101010010110101000110110
10111110111000010011111011101010011001010111000111001001100010000111110101101110010110101000110111010100111101001001011100011011
11111010000011101100110000010010001001011000011111111010000010011110010011010100001110100110101000100111111000010111000011010001
11011000010100100111101010100011111101010000101101011111110101001001110011101001000001000011000011010000000001011110101010010110
10010000011101111111111110101101101010111001100110010000111010011001010100010001011010111111010100110011110010101110101100101011
10110001100100001011100011111100001010110101111011011010000100011001100010010010001001111111000001111001001001110100110100000101
11001000010011101001001111010111110111011001101011010101001101100110111011110110011111110110000010111100110101100011100110111111
01101010101111100110001011001001110111101001110000101001010100000101010010110110110010000101111111011110001010111011010100101000
11001101000110111010101101010000110010001001001101010111000011100001100111011011100100001111001010010111001000100111000110010010
10111110010100101011000101100100111100101110110011100100100001110100100111001011110110000100010010001010011011100011001001010100
01000110010100010001001100110100100100110011110011010111111010011111000110010111011011011001100010010111011010100100001011011101
10100111010100101000000110100110001000010000010101001001110111110111111010011110111111110010111100000010100001101010010100011110
00101010001110011110111100010100111001101101001011111000110100100110111010111010110010110100110000110000101100100011011111110001
01000110100110111011011000010010111000111001110011010001110011010001101100010001111110111000011000111101110000111010100010101000
11010100001011011011001100100111001110111001011101000110101001110101000001101110001001001101011010101001010000111000001001001010
01011010010111110000010110010101010011111101100100011101010111000001100001000100000001110100110100100000110001100101111111101110
01110110010001101100000101011001111100101011010011010100110110000000100110111001110000000000111111010000001101100000111011011101
11100000111001100110100000001101000110001110110111110110101100001010101110111011101111001010110110001010010110001110111101011000
11100010111010110111011000100101101001010001110100011011101100110110000001010111100011001000101011110101111011100100101100011110
11110111100101101001110011000101101100101101110001110111001100000100001000110111111110001000111001101001101111011011000100010101
01010111001000111110101011101100100011010101110101011010100100000011000100011101010100001111000000101000000001110101001011000111
11101101010110100101011011001010000101100110101101110011100000001000010110110001110010110011101100010000001000111001001101110001
00000011010110010111000100011010110101010100111101101001100001010101111011010111111011001010011001101101111111011110011100001110
00001110101100011001111110100001100011100100110000001001000010111010100010000110100101000100001001100010101001000110010100010100
00001101110000110110011011110000000000010011110000111101101101001101111100000000010010001111110000101110111101011101100001010101
01000110100110011011010000111011111110110000101000101011000000100101010010011111011001000110101011010000101100000111111000001111
00001111111111110101110101101111011010010001101010110001000010000011110111010100000011000011101011100001010000111111110001100010
00100000110001110111001100111000110110001001000111011101011100100100000000111111000010000111101101001100110101010101001011100100
11101001001110110001011001101100000010101011100110110110110010010010000100101101011100011000010001011110010101001001101000110000
01101001111111110100010011010000101100101001111101001100111100101110100000111001000000100000100111111100110111101010011011011101
11101001110001101100110101101000001011001010000001010000010011011100000101100011110010110101010011010110101100110111110101100110
11001010011100101101111000011010110111110010111000100111000010010100011010000111111011000001000000111010001110100100101100010111
11000101110000011010111101011000010010010101111011101001101001010100001011000100111111110001010101000100101010010001101001000011
00001100100111110010100100011000101000001010011011100011100100010101000000100010111001100111001001001110000010101111101010100110
11111110000111001000011001100011011100010110100111111010001101111011111011101010110001100101000101001100100100010110010001101101
01000110011001010011101100010100111001010011100010001010001010011011111101001000001110111000011001010111101011110001001001010001
00011100000010111110110101001011101011011011110110011111011010000111100010011110100011000001110001100000110101111100011011000000
01111101101100111001001101100001111101111011110011110100000110001101010011010111001001001000010101101011110111110011100001010011
10010010111100111110100010110101100001100010110011000001001101100100010111110111011011011000111101111101010111100101100100100000
11110001111011011010001110001001010010100111101010100011101110100001111000101111001011010001011101010011011101011111111010010011
11100111101010011001001001100010111111011010101110001100000000111000000001111010011110010000110111100001100011100001110111110110
11101010001110011100111011100010100010101100001010111000111010001100110101001111000100011111110011111010101010100001011100110010
00101001110100010101010000011001000000011010110001110010010001111000000000100111011011011110101110000000100110010111101011010101
00111111001111101101011001000111111001100100101010111100001110101100111010110111101110111010101111011101011001110000111001000110
11110000011000110100001001110100100111101000001011001101101001000010100110111000101101001101011101000100000110110111100001010101
00010100100111100011100000100110011111011110101111001011011111010001001011011101101111110100100111111111110011010011000100101011
01110111011111000001010000101011011000101011011111001100010110100000111110110001011110111101000111001110101100010110101111000000
10110101010101100011111011010000111000000111001101010001111010110011001101000101011111101100000101010001001001100000101110011001
01001101100001100001010101100101101111100000000100111111011110011110011000111111010100011000011011110110100111101001101001000010
11110100011100110011000000001011101001111001110000000001001110101001010000011010100001011110100000101110110110010001110000001011
10001011101100000111111011100010010101111011010110011001001001010101001111101000101010101000000110111010110010100010001101101001
01110100011001110100110010111011000100011000110100101011010110111110001110000011101000111100010011100001011000001011011001000111
00100010001000110011010111110010001010100011110100010111000000000000000100000010010000000111011010111111100011000001001001000110
11001010111000001100100101010111011100010101010101110011001111100100011011100011110000101010011110100110010101101110001000011011
11000110111001111010010011010000110001000101101010110010111010101110000101101010011001011100011100001010000000110110111001100111
10111010001110011011101110100101011010101110110010100010011001011010100010101001101000101010011001010110111100001000110100110100
10001000010110001111110000100001111110011001000101001110111011101101101010011001111111110000011001010101011100001100001110111010
11001111010101000101001001101110001011101110000111001011110101010011010111000100010100101101011010101101111001110011000110010011
01000101110000101001110010011001000000011100000101100111001000101110111000110000101011110010001001100101001010100111101011110111
10011000101111100011010110010011110010101111010010110001110000011100000111100001010111100111011110001001000100011101001001010110
00101111110111000011010010100010100000010100001101111110011010011110101001011101000101011101011000010100101011011001100010010100
10100010111011001101111111000100101010111100100111010010010000000101001000010100001110011111000110000100001101110100110011110110
01010000011000111001100011011010001011001101110100010110001010101011110111000000011011100111011100110001111011001110101010111000
00001011111111001001010001101001001000001011110111100111011101111101000111010111010101001100111000100001000000010000010011010110
11001101001110100011010010111101101111101110101001111101001001110111100111011000110001001000101101101110001000011111010000111011
10000000000100001011111000110000111101000011010100111000100010111110101001100011110010111001011010010011101111101100111100111100
01010111000111101011111001000101011110011110000001001000010000000110110011001001100011010010011111001100111011011011110101011000
10000100001110000000111110010101010100110010110111011010101101111000111000010011100010000000011101000010000111110100011100000110
00101111010110110101101000010001011000010001001001111111001111010010111111110110000110000010110100101000110000111000011001100010
01010011111011000100001101000001110110110111110000101001001010101110100010101101010000011110100000110000001001001011110010100100
11010110011001001000101100111111010011000100111100100011001111001101001010010111001101000011010101010111100011110001100010001101
00101110100011111101011100110101110110110111100110010110001001010001100011100111111010001011011000001110000101101101000101100111
10111111001000111010101110101010000100101001000110101010000000111001110111111101100001111101101010011101010111000001001111110010
01101111110001010111111001011001101011110110110111000111101000101011100111110010010010011110100000111010011010110010001100000001
01111101111110100001110110000110011001111101101101011100110110011100011111100101001011111101000000011011010001010010100010010100
01001100010011101001111010111000111100100011101010110111110110011110000011001001111100011000111101110100000111011010101101001100
00010111001011000110010110100000101010010001000011100010101000100010000100000100100100111011101101010000000010001000101110011010
10010010010000111111110011011011111010010010101100111010001001000011010010111100010011001110101100000000010111110001111010001101
01110010110010011010100101100000000111000011011001111111000110011001000100000001110111111110000100011001111011110110010000101100
10010001110110100011101000000010001101001011110000010001101110101100000110000001000101101011110001101011001011110100100010111101
00111001010100111000101110000001100101000100010101100010001110111010000100100001010100010000010001101000100110100100011111000110
11100110111010110111110010100111010000010100101011000111011110000101100100110100100010111110011010100101001101110101001101110010
00000100000000010110000111001101010101011000100110111001110100010100101101010011001111101000110111000001000001101101010110110101
01000010000110101100110100100100000100010111001001101101111001011110000111111010110100110101011110000010110011000100011010010100
01111010000001110100100001111001001110111110000110000010111111010001111110010010001001100010111010101100110011100001010010000011
00010011111010001100001111111010000011000000010111110000000011010111111110100110010111111111110001010111101010111111001000100100
10001001101001001011111000000100100011100001101001010101000111001010000000110101011010111111011110011001000001101011100010101010
11101001110101110000001000100010110110110110110001101011100110101110110001011111010000111101101011110011101010101011010111100101
01101011010101111001100110111010110011001000100001000001110100011010111000000000111010111110001110100111011001010010111000000011
11010001110101111101110000000000011101010111101111100001001011111110010010110100101010101101011110111000100001001011010001101010
11011010000111100000100011001111110100001110100011110100111010101110000010111110101000111011100000000101001111011000011001100001
00010110011100110010000001010000011001000110111100101001111000001001011100000011001011111011111111110110100010010001100100100101
00111110110110110010110111011101101100100001111000111011111111100100111110011000111110000000011110101101010110011010101010011010
10000010101100011111100100010110000111100101010100010101111111011010110011011101000000000100101110101110001010011111110010000111
10000101000111111000010110101101110101101110000111100011100010000110010010101001101001100001000100001110000000001011101110111100
11001101001111111000100110001101110100110100111011110111001011001001100001110111010001000100001110000110000010000010000110011000
01001101000000111010000110011000101100110100010100101000110011111110100011100111111000101001010110010000000100000000101101000111
01000010001000100110010000010101111101101010101110001010011001001111010001111110101101000000010111100100001110000010100101000010
00011100011111100100000110101100110001100110110000000111000100000100101101011011111011110101010101010000110001100100000100011001
11110101010001110011011110010100001010011011011011110001110100010111000110010111010111001110101000011000000100011010011100010111
01000110000110111010100100100001001011110011100110000000111000011101111111101001010100101011010010111001101101101110100011100011
00110101001011101100111001110111011111001010010010101011100011101101110101100100000101011010110000010010110111101110000111001100
01010101101010011100011010010011111011110100111011101100001010011111110001001100001000000111110000111110011010010001011111111100
00001011100011110111100010100111010001110111001000011001011000100001001011100001110000101111010111010100101110011110000110111100
00010010111000110000001001111010001111010100100110100001101000110001101011100100111001111011111100100010101110101001001010100100
10011101000100011000001010011000100000100000000011111101010111001001010101001000101111010011001101011001010011010111011100110110
01000111001100011001101000101001011011010101101001111011100111001111111010010010011110001111000101011110001001110011000110010100
00001101011011000001100101011111100011111010110111000000010001001001110111000011010001101000011000100110010010101101111001001011
11110101011110010000110101100011001111000100100110111110000011011101110100101010111011100111001011001011001101101101110000011001
10110101001011010011111100111010100111110110000011000011001100000011101001010110001100000110110010111010111101010001101010110110
10100000011010000010010011011100100001101111000111010101001101101010100100111100111010111010110000011001111000010111010001111110
11011000100111110101110110011000101111000000111100111010111110001011001110001110011101000001111000001111101101001100011110001011
01000011101110000100110000100011111101010101100001011110000100101011001101100010110010010010001101011110001110010101000000110110
11010100011111011111001000100001000111111010111011001110110101100110001110100000001101101110100101111100101111010101110001011110
01101001011111110111110101111010100010100011110100001100001010110000101011010010001110100010100010001000111000011110001011101001
11101111000010110001100011011100101100011010000101110110001101011010011011101101001001001000100101001110100000110010111001011100
00100111100001100101101100011000101111111001011001101110100011100110111111110111011100011000101100110111101100011100110101000000
10011011101001011000110100100100111101110000101100000011100011010110101110110110100001011001010010100110000100000000011011000110
10011111101110001000010001111001101110110100001111001011010010110000111011101010100111000001011001001010010110001100011111110000
10011001001011010111001010011111101111111110000010100001111100001100000000100110110001100000000001101001011110101110101111101011
11100110000100111111001000001001110001001101000011011101101111111100011001111110000110010100011110100100111011001010000000011010
10011001011110101000110011110001100110000011000101000001110100000100100000000010110000000111100001000000010111101110110100010111
10001110000100010001110010110001110001000011101001000000000001111010100000100101000010000101000100100000011001100011110101000000
10011111100101111101000100110000100100100011110111000111010011110011011011001111000000011110111100010110011010010011101010111001
10111111011110010001010101011001111110001111110101000000011011001010100000001111110101111001111001111100011000000101100100011000
00010001110111111101101110101011111000100000111000111100001101010110101111101001001011000111101001111001010001100000100010101111
10101001001011001000000110111101011011011111110110001101000001001001110111001001101110100001011101110110010110110101010111101010
10001110011010100110100000100011011100000110010100110010111101100001101100010010110101011100100100100001011000010101101110000010
10101110011110000000111100011010100010011001010011000101100000101010010111011111110001100101000011010000011100001001101111011101
11011011101111101100000111101010000011110010000001110111111001010001011100010010011011000110001100110100010010111011100001100011
11110011100000110010001110001101001111001001001010111110010101011000110001001010101110000001001011110011011001101000010111010001
11011101100101110010100110100101101101101001001001000011110000111011001000100110011111000010101011011111110000011001111010111000
11110110001101111100111100100110001000110010100111110101101010110011010001111101011110111100111010011110001110111000101110011011
00010000010011010100110000011011111011110001100011101000111001011000111011101001010001100110111011010111111000110101110100011100
11010100101010011001101001001110110000101011011111100001100010100111110010000011011000111110110001111001001001110011111110010001
11100010010010101101110010110100001110100000011010100000011100010101001111000010011100010001100001111110001011001111010101001100
11110110011101100111010011110100010111011011000110110011011110100100011001100000000000100111100110001001001000111000101101011111
11001011000011010111100100101110101011111100111001010010000010011100010111010101111100000101000000111110000001001100110111000101
01111100110000000010100010100101100001100010101110110001011011110001110001011010101011101010000010001001111011011010110110100001
01011100111000101000110111011001101111100101001001101101010011001111110010101000101011000010010101011110100011110000111000001111
10111000110100001000111011110111110101011011111011000010110000011000110111010010100011110100001001001110011101010010000100000110
11010101110110110101111101000100011001101000011100100110101100100000110110001011100101011111101110111100100001011110001001110010
11011111000001111110011000000100100111100001110000110100100100111001001000101011101101101111110111010111110001110000111100110111
11011110011110000001011011001101101111111010101011101010010100001101011110100100010011000100100111100010111101011011001001111110
01101010000011100001001110100111111011000111101011101110110110000111000100111001011010010110001001101000100010000011101001001101
01011011100011011111100111111111000110100001101001000010111100001100010010010111011110110001000110001110001110101000101110011011
10100101101001001100000110111001010100011111000011010101100010001110001100101111001001110101110011111111110100111101101001011111
11000110010111100010101011111010001011100111010101011001100101100000100100010001000000100100110100101011011001100110001011001101
01000101011101101110100011100011010000000111000100100110000100110110111000110101110010100000010011100101000010011001111001000011
00100100011011111000011100100110010000111000000110011001010001100101010100001100000100110110010010100100011010101111001100111010
11111110000110111001101011010011101101100100011111101001101011111110000011100111000001011010100010010000100110001000010110001011
00011001011100001001000100111001100010111100001111100110000111001001010000101011111011000001000010000011010001011000110001001001
00011001010001110011100111011101101010110101010010010000000011011110111010100100110011011011101100011110101101101111000110011000
00011010001010111010001011000111110010000110000100110010111001011111000111101100110100001010000011000011001010000011110001101111
00001100000100001110100101010101110000000110111001110111001110000011000000111110010011110110111100101110110111101110111111111111
00110010001010001001101011110101011001101111100100111111101111001011000111100101111011000110101100111001101101011110110111101100
10001001111011110111100100001110101011110110100101111110100011111000100010111001011010110010101111100001011001101011100010011001
10001111010010100101111110010000101001011110110101010101110011110110001010001111100110111001101101100100111101100001101001001101
00100000000100001010110111111110100010111100101011110100110110111100010100110010001011101000100010001011100001001111111011010010
10100111110000001010101000100101001101010110111111101101000000001101001110010010100111100111111001001111011010101010001110110000
11111100010111100101011101101100100101111011010110010101000001100011000011111011100000100100101010001111111000001010011100000101
11010100011111111001101010001101010001101011010001000011010010110111001101101111001001000010010110000110101101110001010000111110
01100100011101001101000010101010001100100011100110110011111101001010111001111101100101100000011000000111000111011010011010111001
11100001101100010110111000001100011000110100101110110000011010101000001110101011100010010101000010011100111001100011111101011100
11110011110111010011111100101010111010011111001101011111000100010011110110010110001110011010001100001100000101000100110101000101
11101011000110011101010110010110010000000111010000011100100110000101000010100010111100110000000010001111001011011000101000000011
01011011000001101100000001010010010000011110111000100110001111101011101110100111110000101111000110000111110001110100011011011000
10011110010100000011011110010001010010011010011000101101110100010100100011001110110011110110000110101100111101101110001001101011
00010001001011110110010011001011101001111111010110010110101101001110001001100010011111101110011100000010111000100011100001101101
00110101100110111001110011101011011011101101000011111000011000111010010110111011011101100101101011111101100110000001011111101010
01101010001001110011111110010101001110001000101100000000111100111001001001111010101000110101101100011110100100000110001010010111
10000000100111100101110110011010111101011010100011101100001110100001111110101011110010100001011000011010000011100001000000000011
00010011101111100010001000001000011110011101110010000100111110001111100000001001011010000011101110101101000001010010100101101101
00011101001000101110110011010100100100000100100110001011001111111101010000000101101111001000001110010101001101011110101100101000
10010011101100011001110110000000001000110001010000010011110110011000100110111010011001010101011010000111010111010101101010011001
10011111001100111100011011010011011011011000101000101000000000110101001111111001101110101100011111011000110100101101000001011101
00111101000111100111101101101000011100010000000011111100011000101001001010110110000100011111100110101010100010010000101111011101
01110000011010010100001110000001001010001000111111110000110001110111001000011100101110101101000100100100011111110111011111101010
00110111011110000010001000001001000011100101111111010000010010001110110010100010101000110000000011010010101100110010101000011001
01111011110001011110011000011110011000111010011111010101001101101100111100010000010010010101110010000000110001010011010011110111
00100111111101101011011001000000110110011001011101010010101000010010011100100101010011101111110010010010110000100011100110001100
11011010100100110010110111000001101110001011000000110001011001010001000111100011101000100001001011100110011000111100010011011010
00101111111101011001001011011110111001001010100000110001100001101010101011111011110011001100001001101110101011111101011101001011
01001101111001100001110001100001011011001001011100011000100010100110001000101100111101011001101000010110100110001101101000101110
01010111111000100111000110010011100011001101001101001110111100110100011010101110100011111011110101011100000000000010111000100111
10110110011101000010011101011101010110011100111110010110010010111000101100100101010001010111110101001111000101110110110010000011
10111000001001100111001100000101100101101110111001000011110101101111010001010000111111110011010010110111001001000110111100100101
01100000010101110111111110101001101100001010100001011000000110101101101100000101101000011111010001011110010000110010011100001001
01111000110011011011111111110001001111000000100011111010101100000011111100111000010110010011011010011000101001010001101001001110
10010010000110001111010000010010001111000111110011101011000000001110011001001101111101101111110111100010010100001000001010101010
11011111100111010010010100011111001111110010010001111100010110010110101001111001101001111001000000100010001101010011001111001101
11010000010110000111111111100101000000010110111000110011001001010011010001101000001111001101001001001011000111011100001000001110
10000111110010011110101101111101111010011110100001111110000100001110110110111111001100010011010110101011110011010010011101001011
10111001010000001111000110100101100111000011010100111010100010000101001000000001000000011111001000001111111001010010100111101011
10000101111000101010000110011010000011011111100011111011011001001110110111101011011001010001110001011101111010010011001100010110
10110001010010110110010101000111001111000111010110110101011100111110100110000100011100111111000110101111101000000101001101000001
11010111111100100000110011010111111011001001111111010000000000000010000100101101000010101100111000100000100001100101101111010110
11111011111010110000100101010000011010100011110100100111001010100110100001010000011001110011011011011010101110000111001110110100
01010011010001111001011111101111111011011010011111010101010000100010011001011101000000100010000001010101011010001111010000111010
00010111001111011001011100011100010010110111001111011111000110001111101101010010011111110011010000110010110110110101000000110100
01100011101001000110101000001000001100000011111101101001011111001000011101001000101110000111001010111111100111011100001011110001
01011000110000011111011001001001101001000011001011110001001000000010100110000110110101011011111101001000000100101001111010101100
10000111001101010010001000111011110000001011001110100001110010010011101110100111100100110001110111010101010000010101101110100011
01010001100100010100100001001010011010101001101110111010010001001101101011011110111100011110101011101100000111101100100111101011
00011110011100010100011010000010111101000001000011011011100110010011010101000000110110100011110100001100101000100011111100110101
11111100100100001000110111001010001110011010110001111011000011011100001000001101010001010100111001111001111011111010101001110110
00001110011010010000000001110100010000001111010000011110011101011101100101011110011011000010110010101010010100010100011101101100
00011100011000011001010111101111110011100001000111110010100111111100100011001101001101011011000000010011110100011000000110010000
00100110010100101100100111001110011010010011011000010000001111001111111100110000010101010001001101010110000001111101101111000001
10011001111001011000111110100011101011111101111100010101100100110100010100001111000100000010111000000001101101011010000111010101
00101011011110000100011001100011001011110111011110111001110110110011001000000001011010001111100111000000101111110111001010111000
11101011000001110000000111111000010000001111110001000101101000110001010010011101111001010110010110100010010101101100010010011011
01100000010011001001010110000001101000101101101001011001000011000101110010001100110010000010000011111110010000000011001001111011
10111110100001010100011001110101100110111011101010111011100000000100110110000111011010110110101001101011001100001010011101001010
01001101111000001101100101110001001010011110101001111110011001110101110010011010111111001101001000110101001011101001000001000100
01000110101111000110000101110101000011111101011011001000100011101110000111000111001110011011001000011011011111111100110110101110
11001111011010101100001100101010111110001000000110101001110011110110000101011111010110001010001101100110000001100011011011011010
11010001100111000111101101100010111010100001000001011110010100001010000000011000111000010010110010101101110000101011011111110000
11101010010100000000000100000001110101110111001111000110010101000110000110100111110110001101100011011010100010011101001111000000
10010010011000001100001010010000001111111111000101010010010100100011011000010101011101100000111011000010010111011011100001111011
10100011010011010100001101001110011111101111101001101111011010011001010011111100000110110010110100101101001000010011111011001000
11110011011100101110000010101111111101100100011001100001110110011011101101001100001001100011100100101111110010010010010000010111
11010111010100110100010010011101100111111111000111100000010010011010100111110010010010101101001001001011011001011110010001011000
00110101001100011001111101010101000011100101010110011110111111100100010101000000000101101111111010110111001100001100101110001101
10011100000010100101011000000010011011111110100000011111101111110100101100111001010100010000011110100000111001011000110111010001
01101000101011001001111000111110010111011000001101100111101101100010001011010000101011111001011101100010100100111001000010100010
00011001011001110000110000000110001000011111110010101010111100101000100011010110110100001010010011001000110110001100000000110000
01000001111101100110101101001101001000110111011001011110001000100100101001100001000100101110010010000010000110110000001100100011
01011000100000001101101100101001001111000111010110010101100000111010011110101000110111101101000101010000010010110000101011111100
10101101100101001100110100011110101001011110010111111001000101010001101001110110100001111000100101100011111010111110101110010000
11100100100010000101100010010111101110100100110000110000001100110011111001111011101000000011100000001000001101101010110111101100
00100101110001010001100010110000000110010010101100001000110001100001100011101000001100101100100110100001111010101011011100111101
00010100010000000011101101011001110111011111100101101101010111100000011111100010101111110010011110011011000110011000111111000100
01100111111011101101000101001100111011110100111011000101010001011000111100000000001110110000010000100000000000010000001000011010
11011111011010111110100100011010011110000001000100101110100001001011100111110000001001100100010111001101010111010011110111100010
01000101110101000101010001101110100010011011010000101010011110101110000010000011000000110001011011000001011011000011101011001011
10111001111011010001011111111111001110000011100101111100010100111010000100000010001100110000101111000111011010011110000110100100
00111111111011110000101110011101110011110010101100010100111000100010000110101100100010001100010101010010011001011100110110001101
01011010111100101110011100100101111110100101100100110111111001010100101001011101111010001110111011111010110010001010111100001111
11111000100110010100001011111000100100011001011000001000001010101101100100010100110011101110100001010011011001000000100011100111
11011100010001111100010011010001000011101101011101011000011011001111101011010000101000110110010000000011001111010010111110101101
01011001100011111111010010011101001110111110010111111010011010110011010100110101010010011000001000100000000101010010101100010111
10010000110110101001010111000000001100111011111010110111110000001000111100011110001001000010001001011011111111000011000110001100
11000011110100001010010011011100111100101101001001011101111101111000100100100110100110000110000001111100110110111000011010010111
00001000000101110111010010011101101110000000110000000011010101110111111100001100011101000000101000001111110101011001011001100000
11000110110101001110000000110010010011110001001110010110101111110100110000011001000101011001111010111001000101101111001110011001
01010111111011100110111111000011111000101111111100001001000100000000010111001010001010100011111110001000001010100100010101001111
01010011111000010101001110010010101000001001000001100101110001001111111010011010111111111001110100101001111110011110010110011100
00111110000101111100111011010010001110111110101001100010001010101100101011111011011110111000110100100101101101100110000101111110
11100110110101001011101110111111110101001110100011011010010110011110010000111001110001101100100001100111101111100111001111010011
10010000001001001011010010101101010111011101100110000110010111101011000010000100000111110010010101111010001110010001001000000101
01000110101001111000111011011100010110111110101110100000110011001100001100011101010010011000111000000100001011011110110110011001
00001111110000111000111010100100000001110110010001000010110110111100110010110100011000000010001100111101111000010010001101000010
11101000010011010101011011011011111110111000100011111001010111110101000100010010100011010011011111010000100011001000000001011101
00111111011101111111101100110011101111001111101111011001010111110100001010010000010100111000111101010111110101101101101111011000
01010111110011010000001001011000110111110111010010110110010110011000001111010111111010110000101001111100011001000001110100001111
10010100111101000011001101011011000010001011101111000001010111101011101010101111110011100011011000000000100100000111001000011001
10010111010000100010110101010100000110111010001101110001101000111010100001100111111010110111110000011101100100111000110010111011
00101010111110000100010100001011111111110110000110011001000010100100001110010100001111010111101011001100110100001010011101100110
00000100011010110100101000100011101111000110011100010011010110100011010110011111010100101001101100100100010110011100100011010001
00010011101000010000100011001110010100010000110101100010101101010010100011011110001010011000000110110010010100100010101010100100
11001010100001011000100101111000011110011100000011101101101010000101010001110100101101100011101001001011011110010001101001101101
10000110000010110010110111010110000101001100001001001110100101011011100000000001100000010110010100111010011011111110110111010110
00011000110010011011100010101001110100100010101100111101100001001010000100010101100000010111010111011110001000100001011001000010
11100101100011100001101110000111110100011000000111101001110101001100110000010010100000101010111100101110100111001010001011011010
10110000001100101001100010111101011111011000100111000010111101101111111101010111000010001011000100100110000101110001101110011000
01011011001000100001110100100011110100111001011000010001011010100110001000101110000111110101011111010100011011000111001100111110
00110100101101011001111100100111000111001000100011001110010001101011100101111100101110000010011111010110110010101111100110001110
11010010111111101011010010000110010110000000001110110011110100010000010100110100001101000000100000011000110001111101101000101111
10011100110101001001100111111110110000111110011001111111000001010010001000111111000111111100100100100111101001100101000010001000
01010011010001101011011001001010010100111101001001010001010010001110001111100010100010010100011010000000000110010110101011010000
10101100001000001001011101010010010000111000011011000111011100001100011001100001111100110110100011001010110101010100001110001010
01010110000100101001101100101010011010011110010001000100010011110111010101000110101111110111001000010100111001001110111000000100
11000000101101100011111001110111101010000111001111010111110011110111010001001111010101010010010011001011000000011001001001110000
01010111011111010010110011010000101110110111001110100001110010000000111001111100010100101101110101100011110100111101001111011111
10110101101111100100010110111100010011100101100011001011011101011000010110001111111001000000011111011110001110100000110111010001
01110011111001100100110100010000011000100001011101100110000100100100011001101001000000010101111010001111111011011001010011100110
10101111011100001110110000100000100110110111111101011000111110001101001010010011010111010110001011001100110101101010101000111001
00111010100111110000000010111111010110111110011000111011010010101010001000111011101100101111101001111111100100000000101010111000
00101001110001011000100110010001100011010101101001100111110111010000001001101101100110000010011101100000000011011011101101111111
01001100101010101001110001011001110010010011110101111111110101100101110101001010101110001101000010111001001100010011000011001000
01000001011110011100000001100111001010101100110100111111110011010000011001100001100010001000010011001111001110111000001010110110
11111001110011110011101011111111111101001010101010000110011110100011100101000111000010000010000010100100001011101001100000111101
01000110010110100101101101000011101000111101101001100011000010111001100100111101111101111000010001101110111101111000110001000111
01110011001001111011011000010101100011001111100101011101111111001110100001011001101010101001000010011111010101011100100101010001
11010011010101100111100010100011011000010101011101011010011110010111110011110100011011011001000100111011001001011111001110011111
00111000101100001100111000110010000010000110100011000111100111001000000011011000000011101001101011001010111000111100001101001110
11001100111111011011110011111011101101111111010101000010001110000000011110011000011100110111001011000000001101010000111011111110
10110010010111011010111100011110101001001111100110110011101011000110001100110011101010001110101111010100101100111000000001000100
01011101001000000101111001110011101111100100010011110010100100011000011010100110001001010000101000100000001000001101100110001001
11110011110011010000110101010111010111111010011000110101001010100001011011010100010001111100111100010110100100000000001101010000
11000001010011110000111000011111100101010000011011111011001000001100111000110100100001010110110101110010111010000010010001001100
00110110010001010001100100110101101011010100100011111111100110101101010010001111010100001100000100100101111111100011010010100010
00011001000000010101010001111010110101100010100000001100101001111101011010111011001000111101101010010001011011011000110110101100
00010000101011110110111101001010010111011100011111010001111101101001111010010001110011101010101011011010101001000101100101100100
11110000011111111101100101101111011010101111101110001010011001001001100111010001010011001111011011101101000001000001000011001101
10010100101110110000110111000110010010000101001001011101111110010001010010001010011110110110101101000010100100100000100101001100
01101011111010110111011000100010111100010110010111111000000010100000010001000111110100110101001001101010100111111111001001110111
01101011010011100111011110011010100001001010100110111100110110110011011111010000110110001100110110110001110111110101111011101011
11101010001000001111100000111110111001110110001101111111110110111010010001101110000011111100100110011010110010100100100001001011
11010110110111110101110101100110111010000100000001101011100010001000000101100010011111110011110010110111001101101100011010101100
11111000011011111001001010010101100011011010010110000000110001000101100011110110111111110101001111110101001011000001101110101010
01101010011111011000010110100001101001101010100110111110011101001011000100100111011001000000101101010101111010100110001110000111
01001110000101010101001100011000111010001000010101101001111000011111111000010000110011000001011001010011010010001110101001111101
10000010111100100011111000100110001001011101011110010110011101110111011100100110010111100011101100001100101001011101111010010110
01110100111111000010010001011111010111111010110010101111011100100110111101100100011000111100111110101001001010110010101011010101
00001010111110111110011111010011010011101010100100010100001110100101010110111110011110100001001010100010110101011100001010000010
00100001000110000100111001010010011001010101001110100011110010110111000100011010111001100101001101011001010010001110101111111001
11011011111000111000101001010001001011101101011111111101101011111110101001000011111100110011011011111100111101001000101010110000
11101100111011101101001011001110000111110011111110001100110001100010101011001011111001110000101110001101000010110000011000000000
11100111100010111010100001000101111110101101100000110110110001110010110011110101000110101100101010010100001101001111001110110010
00001001101001001010010100101001010000011010000110010010111010011101110011110110100000010011011110000000001101101011010011101111
11110000100111100011000101011000000001111001101110111111110111101111101010101100110010100100000100111010000111110000011011100111
00000010101010110111100100000111111101011100101110011101111111000100010010110100110110100000000101101111011110010100001001101011
10100010110111110111111101000010111010001001011100111001101100101110000001111100010000000100111110010000111111100010111101101001
00000010110010110111100010110011001011111111101100100111000000011100111011110110000001110111010000101010001101001101000011000100
11001111101100111011011101111110011111010111110101001110101010001100100111110001101100011001000101110000110111111010000000100100
10101001010100100101001101110000010110011010011010111001111110101100110000000100110110111101101010110100110000011101000000000111
01100000101000111001000110010101011110100001010000111100110100111001100011010010100001001111011100011011010100101111011100101101
00001111001010010001010001110101000011001011111010010001101100110111101100111111100100010000001101000101001011001000111011000100
01110001011110010101100110100110110011111100001111111100001001100111001001011110000010010100010000111010100001101001111111101110
11011011010100010010101110110001111100010110101101011111000011001100110111001100010101000100010100001111011011100110011000011001
10011011111011101010101001110111010001011010000101101000000010100010111001110100101110010011001011111000011000011101101011001010
01110001011011010011111111000001110011010011010100111101000001100111000110101001101010100010000011110001110010010101010010001111
01111001000011011000111110101101101011011010101001011001010011010111101110000001100010000001110101011001101101011001011000010111
01000100001100000111000010001010110010101001100000100111111101001010010110011101111100101110010010101011001011011111010101000100
11111100110001100111000011001101011101010000011100000100000010101010110010100000100000111000100110100000010110011111000101001010
10110000111111100000010010110110110101010000001111000101011101101100111010111001010010111001110101101101010101100110000110100001
10010111101111111100111010001001110000000010000010010111011001110000101111110011000100101011001011101000100110100000011100000001
11110100111000011100011110110101101001100011110000001010000010100110011101111101000010010011110011001000110111010100000011101110
10000001100111101110000101100010000010011110010010011111110010001101010001011010011010001101001010110100011111101001000001001111
00100010101010110001011110011011000001001011001110011010100110011110001001111010110011011010110101010100001100011111110111110100
01010111011010011111101011111111011101111111001101111100010001010100111010101011010101111101101101101111110100001111110000011111
11101001001110111100001001001011001011011110001000011010010010110001000101011010000010010111101101101111111100010101000101011110
00011011011000010011000001110000011100000111101110000001111001101011110101100001011100010001110101011010000101001111011011000111
10001110110011010011100011100101111000011011111111100011011011111100011010000001000001001001110110111011000011110101001010101000
10111111000110011101001010011011111011011100100010000011011011100101111110000011010000110010010000000100111001000111110111011001
01100110101101001111110100101101101101001110101111100101110101000010000011101011100011000000111100100101111000111011100000100111
01011101110110100110101111100011110101010111011101010100010100111010011001011000101011111101101011011010101111010000110110010111
00101100100100111000010011000101101110010010110011101111100001110011000011101110111010000010001110000000111001110000111000111110
01010100010100101000110011000001011101101010000011101111100000000011010111010001110011101100100001001011111010100000100001010100
01110110010000001110101110000111010001001011110100001001010101001100010100010100000001111101101111010100000000111011011100111010
11000010101010101111110111000001010000000001101111101100101010001011011101100011010000110101101001100111001110000011010010110100
11010100101111101101010011101101011110111101010110110100100001001001001010011100011000111011101110100100100011001001100000111010
10110010001000101100111110001100101010000010011000000001100000011011101111001000101010111011010010000001100001011101101111111101
01000001111100010001010010000110111000111000100111110000100010000100100000110100101001001101111111010110101110100111001111111010
01100010001001010001000111111101011100011101110001001100011111111111011110100010110001001101010010110011011101011100011101010110
10100010010000000000011111000110000111100000110111000101001110010110001110010000111001011101110010001011111001110001010000110100
11010110111111101110010001011111000101111100100110100110111101111101101110011000011011010101011100010100101001001111101000000000
10110000101011011101000001010111001000101100101001011011110111011000001010010001001000000010101110101011001000111011110101000010
01101110011101111000110001110010011101000101011101010011110000000010010110011101010001000101110001111101101010011010001000100011
10111011101110100101011011110010101101101110011110001010010101100010011100100011010111010101001001000101010100111101111101011100
01000011011001000000101010111101100010111011110001000100010000100110000011001010101111110010000111001101010101010111000000110110
01010111011000101001000011110111010100010110100010010111011000000001101101010000011101001000001100011101011101111100101001011111
11000100011001110110110111100000001101010010100101100000111010100001111111101110001000001110001100000101110101100101111100110101
11001101010101110100001101011010011110001011010010010101001111110010000111101000110101010011111000100101010110100011101000100000
10001000101101011000000010111011110010100011011011000101010011010100110000101001100011001101001010111111110111100010000111011001
01010001001110000011101011000000011001100101101110110011000011100111011111000011010010011110001010110000011011110111011101100001
00001101000100100010001010110011101000101110100000111011001000100101001100111110110100001011100011001110110110010101001111000101
10111111010101010100101000111100101100000010011001011000111010010010010000101011110010100011100110101110011010010001101111111001
11100110000100010011100001010101000010010011101000011011000001011100001110011100011111100101110011101111011101000011011011111110
11011100110000001010101111011011010100110101111110101000100010001010111111111111101111111001000011000010001000101000001000101010
00010000010101000101000010010110011011001111000110110100100100100101010111001010000011011000111010101111110100001100110100011101
11001001100000101100011110011001110100011101111001000000011101100011000011001011101110111001101100000000100010101000001010100100
11001100111010100000110010001010101010010111111110111110101001101010010011000001111100010110011000101101101000011001001011101110
11111000100001001010010100001110000101100111001110101011110110001011000001101111111100101110000100011101010001110000110000111001
10100100110101011000100000111001111111010010000000010101000000111111111100010111111010010101000011101001011000011101101111011011
11100001111000001101011101101101010111110101111000000010011011101110101101110001111111111101001111100001010100001110111000011011
10001111111110100110011111111001100011001101011100100101100000010100011101101000100001011001110000000011001100001001001010111100
00000101000111111100010110111100011010101000001100010110010001001001111001111001011101011101100110110001010010110001111100010100
00111000000110100110000001111111101000100100101101011111010011111100111010011110001000101010110100001000000001011011010101001110
11111110111111001000010010111111111010111110010011000101101110001011100000110001010111010101110000111001011101011011101011100101
11111101001010011100010111010001110000101101011011101010100010101111011100111110000110110001110100101101011000111101010111010111
11111011011101100101111011100011011100101111010000101000111101011001111110011010010110010100011001100010101100010000100110010001
11011011111011110110011111011010011001101100010101110000100100111101001101100011000111010010001100001110100011000000111111000110
11111111101110010110001101110001110111010111010001010000001000101101010110010111001001011000010010101001000010111100001010111010
00111001000001110001101101000010110001111101010011010111111001100100111101010100011110010011000000111000101101110100100010001011
00100001011010111100110010111111011001011100011000011111001111100100001011101011010001011001111001001001001111110100101111001110
00001001011001101111101010011111101011000101010111100000011110011010011110010101101111000001000011000000001111111001101101110010
01110011101000110100011001111011011100111000011111011000000100000000110100111000000111001000000100000110100111011110110110001111
00001110111101110110001011001110011011110111101000100110110100100010001111011010101000111001110010001000010100111011111001001000
01011000111000101111111010011101000000000110101011011111110011100110100001011100010110001110101100101000101101010001100101101001
11101100101100000011000011011001010111111110011001110000010010000011000110001011110101100010101100001100110110011011011011101100
01111101101010111010001111101010010101011110000101101001001111011001100111000110001101001101100001110110000101011000011100101110
10010110101110000010001010110100111101011100011010010001100010100100101000110010100101110110100101011111100111011111110110110000
11100111011111110110010111110010010011100101011110110010010011000100001110111101000111000011011110100010101110101011010101110011
00000000110000110001000001110111111001000101110111111010111011000001100000000101000111001101100000111000010110101000101000100111
01100100101001010001101001001001111001110011100100110100011100000101000011011000101010111100101010000011101011011111001101010001
01000010010111011001101010001000110110101110110101001001010111100011110000011100010111011111011101111111100010001111000111000101
01000001111111001011000000000100100110011010001000101100101000111101011010110111010110101100110110010110001011100000110110110101
01100010010000111010110011101000100110101011110001101010110000011100111001011110010101011100000101110011001110110000000010010101
11001001101010100110100011000000010100100011000001100001011000011111001110101010101100011111100100101000011010011000101111110111
01111011110101100010100001101111111110010110110111010001010001010111011010100100001011010100010100110010010011110010111100101100
01110101110110011011110001100110100101100100101101111011110011001101000010010100100001011010100101011111111101001110111010010111
10011010010100000110000011010100001101100010011111010001011001110111000001111010111101101110111001111110100111110101001111011110
01101101111010101100100001100010110011000011101010101010111100100101011011100100110000011100100110000010010101011011101000110100
11111111101001111000100010010110010110011110000011110001101011011001101111011010000110001001000111001000111110011000111110001100
01011110100101001111101101001110110101101011000010111100011110101100001110010101111010101111000010010010100110101111000100011100
10001100101111000111111110100000111001111100100100001001001011011101011101011001101010000111111011110101100111100011001001101101
01100111000000100010100011101111111111010101000001100111101110100101000001001110010001001000110100011001110100101001001001001111
00101000010110100110101001101101011001010111100100111111011100100111010100000101010011001101110101110001001110011010011011110011
10110110100010001101101011101000111111100101110110100111111111101101110001110010010111011110111101001111011000111010001010111101
01001001101011100011000100000011110000100010111001101000011100001010100100011010011001100111010001111100101110000111100010010001
01100010111110100010101101011011001011101111101011001111111111101100110001111101010010000111001111111001001011000110110110100010
01110101010101101001111101010101100011110100101111111100001100100011100111101000010001010110010001100110100011000001001000011100
10101100010000010100011110000011001010011011100110000100110111000111010101001110110111011001110000111000010011000001110111001100
10110000011100110001010100000100101111010100001010010010101000111011010011011001100011001110001001101011111100011100111100100010
00001111011001111010000000001100110011011111000100000100100101111110000100100001001110110010100101011001101111111101010111010101
01100101110010110000110010110011010000010011111000111010100101011100101110001000111101101010001100100111111111001010101011011101
00101010000011011100100011011110000000001000010101000111011001111101001011001100001000100011100100101101001000001010010100111001
11100101011011010001111111100111111101100010110011101100011011110110001011111000011100000100010001110001110001101100110111010001
00101011011100001101001011000001001011100111110100101100110011100111011000101000111010111111011010111110010101011010100000000001
10111100001001111111111001011100010010111010000001001101000101000011100000011110001100010010011010111011110011011101001000101110
01111111101001111100111011101111101110001100001010010111000110100001000111100100111101010101101101100110100000111101111000110001
10101000110110110010110101001011001011110111011110101001001011011000010010101000010100000110110110010101000001100100100101101111
11100100011111110100010100000001011110111101010011101100000110101110011111101101110101001011111110110101011111010011001100101111
00111111101000001000011010100101011100001111010100110100111101000000010011001000111010101011101011010000001010111010011001101100
00101100101100011000111101011100001111100000111000010101110010111101010011010110100101100011011111111101010000010010100001101000
00111010011110101111111101101000011110101001001101001101110001011011111000000001001101001010010001010101101111111000111110111110
00110111111000000110010101101000010111011001000101100000000001100111011110000110110101011000100100001110011011101001110100010111
10011010101011000010001110110110100000100111011110011001100001110100100111000010110101101100111000100011010001110110001010011000
01100001110010011111011101110001000100110011000110110100010110111101110000100011101100111011011100001111101000001010000100001110
11011001001111000111110101101110110011011010100101111010001101011011001101011110011001101001100010100000100010100011011100000100
01010011110110001010100001100101010011011111101001111000001101100010001100001010110110110000011010010000100100110110000011001011
01000101011001010001100011011001101011001001100110000010011011010000000001101000111011110000001110000111011011010000111001001100
11011101111001001111100000011100011000110110010001010100010010001010101110011110111001100110111100011001111110001101011110111101
10111000110001000100110011010110010101100011001000111101011011011001111110101100110100000000100100001110100101111010110011100000
00111000011000010110100111000100010000100011001011100001100101111110010011001101100010101101111010110000100010011011000000100110
01101111101110010100101010110011010010110001110110111000101010011001001101110100011000110011011011101100111100111110001010101001
10100010001101001100110011100101111010001110110110101100111001111111000011001111111100011000001100010001000101000010100000101010
01111111100000111111101100001001011100110001100011110010011000011011011101110110110111101101010011101000111001010101100000111011
01100100001101000101100000000001101111000100110111010101101100100100000001000110000001010101101001110011010010010010011011110110
11010100000001001111001111010000001011111100100011110100100111011110011100101100010100001001110100111110110010011011011111101101
11011101001001010010010110101100111010001000100010001010110010001000011011001100100100010110111000111000100001011011001110100001
11111100100101111111100001100000010001011111110110000101101101001101110010111101000111111010110001110100010010011011111011000001
10111000010100111000101110100001001100111000101101011110001100000111000110101100011101111001011100000000011110111001111010010111
01010100110000000010001000101011111010110010110111110100001111011000001101000000010110000100010111111001111000000110111111000011
10100110001010101011001001111000100110000000111000100100010000001001000111011001110111110111110110001110010101001010110001111100
10111011011110111000010011001000111110100000011110000001001010100001001101000000001100101101011000010000101100001000001111000100
11010011011101011000011011011010111000000111111110011001110011011111101101010000000000101011000101010000111010011101000111010111
11001101001000101000011011001011100100111100010000000111110110000111010011001110110110010010110000011110011011110111011000011110
01110010101110100011011010100011000000111001011010101110001100010101100110110000011101101001010001011000100111100010011000101001
00101000111000101110110011111100101010100110000010111011110110000010111011001101110011001101010010101101101101010010000111010010
01010000001100000101010110100000111111111001010111000101111110011101000111100110110000100101100110110010101101101100111110100001
00000010111001001100011001101000011011001001110111010010111110001111000010111100001100010100111011110010011100101010001000100100
00110110001110100100100000000011110101011110011010100101000010101100111111101100111000011100110011010000100000010000110011001101
10000100010010010101110001000111011100001101100000111100101110101110000011110000101010100110001010110101000101110101111011101100
10011101110001100111011001101101100100011000110011001010000110110001101001010111110100111010101000101011011011011010010111011011
10101001000011010111100111010110101111000100011101111000000001011110001000011001011010101000000101110011000111111000101001000100
11010001010110011001011011001101100110111100111001100001100001110101101011010111101001101001111100010011111101101000011001101010
01011100011001101101101111001101111111000101101110010010110011100001100010000000111101111001101101011000110100110011101001100110
00010011000000010011011000101101010100101100111111011101111000100000011101000011101111001111000111010010110100110010101000111110
01100110011101100001111011100111001111001111001011100101001000001000001110101111110111100110001100000001110010100111111110010001
11100110011010101100010101110010010111010000011100011110001001101010000010101001011101111110100101000111101100000100101010101110
00000110010000110001010000011111001110010111110011100000100110000000011010000111011001101010001001000111011110100111101011011110
11101111111000110110001000110100000111011101110010100010010110001010001100110100101100110110110011111000111101111111010101101100
11001000111011000111110111100000010001011111000110011101000001000001101101011011011110001010010011010001110101001100001010101111
00000101101110010100000101010110001111110100001001010010010010111100100000000010101010111011110111101000111001001000100010000111
10101010101101010100111100110011001011110000101110101000100000110101011011110000000111100110100101111011011100000000000010001101
00011100010100111010110000111110011000100011011101000111110101001101001001010111000101111010110101101000110001111101010101001101
00110111100111101101100101110010100111100000101010010000000111001111111000010001000101101000000011000011100100010101110101110111
00100101011111101010010010001111010100110101010010110000101101111111001100011001101001011010001000111010001111101001110101101010
00101111101100100110100011010010010111001111000000011010100100110001101011001001111101100110110011110001101010101000110000000001
11101001010111101000001100101100010011011100100010100001111101110110101011110010011110011000111100000100001011000101010010010111
11101010000101100111000011011111011011010010000001010110110010111111100101000111001010010010111011111110101000010001001000111011
00101110101100000111101111011000001001001100011010101001101011101001100101010011110000111111010110110100101111011101101000001001
00011010110110111011110000001101011111011110000010010011110110011111011110011010111101101100000010111101001010000101110011110011
10100100001111111110111110011010101111110001110101110000011011100111011010010110100111100110101100111000110110110011000010001101
00000111110100110001011111000110101111011100110101010100110011001100010010101100000110110001101111011111011010011101100111010010
11100010111111001101100111011011110010011101001110010010000010011001011111111000011010110100100110001110001100011010011111100110
00011001001001001111100001011000100101110001001100110010000110100101001101111001010000000000001010000011001100011100000011010001
01000101010110000101010110010111100001011011011100011010010111101110010010010101000001101001101001001101000111011010111110000010
