10111010110101001011101110000110101101110010001010110111111111011011111110001000110000010010001001010001100101010111110011000110
00111001101101101000001000011001101101000101111100101000110010101000001111111011000000111010100100100001010000110001100111110001
11001010100011101011101011001101000011000001010100100110001101000111111101110110110001101101011011001101101110011100110011101101
01111010100111011111000101111011010110100100000000010111011000111110100101101110011101101100011101011110001011010000001001000000
10110101011100001010100100000101001111100101110110111101111111011000101011110001110111100010100101111100001110111011011001010101
11100001010111101010111100101100100100001010100111010101000111111010100100001000101010110001111110111000000000010010100100110101
10010110011000011110011000001100001010101100110001001111111001010010110001011000101100011111111111010011110110011111010100101000
10000111000110110010101100001010010011111110000111010000110100111100010101000010110010011001110101010101001011101011000110100000
10001011100110110111110001000011111000010100101010011100100010011101111101111000110100010010110000101010110001110101000000000111
11000000000001110011011111110100111011100100001010111000111011100011001000101110000001010100111000001100010010010001010111001001
00000001101111011011001110110001110001101111011111000101011100000101010001111011100100111111100001100100101110010100101111011100
10100011100011110001110100011010000101001011101100100101101100111110111001110110010000000110110110001001110101101000100001000111
00010100001001011010011000000011001001001110110010110111101000111011000101111110000001101110010001010010110100101111110000111110
01111000000010001110000011011010010100010010111001000101000010000011000111111100000111101011101100011010010010010110101000111011
00111010111010001000000010000100100010101110010011110110101101111001011110011010101001100000111110100000111110111011101011101010
11100000011000011001101001110101011011101110011110011110010011111000100000000000010011001111010111101000000011100000001010011110
11010011011111101111100100001010110100100001111000001100111010101111100101111010010000000000110010000011110011111011110110001111
00110000100000100001101001000000111011001010111101101011100111100011000100001100000001011011001100000100001111010010111001001100
01111011100011000101110010010000011101101110101101100110101001100110101111011100011011101110100010111110010001110111101111101001
10010000101011111001100010101101001100011110010110100111100000011010001000111001110101100000101001001111001010011010000101001100
10111000111110101111010011001001000000000101100101111011000111010000101000101111010001000101000011000001110011001111111011110111
00010001110100111010001110000111000010011101000001011111111011110011101101101100000100101001000111011001000100011000010000101101
00010001001001001000011010101001000011111110101111110101101001101011110011100101111001011011000010011001000111101001110001110100
10011101001110111010101111110110001001000101000001001101101110100110010001011011111111001000111010111010111001111101010000110100
10010001010011011111101000111001010001101001100001100001010000010101101111000111001001010110110111011100000100101011000010111001
01101000000111001101110010100111101000000111011101100100010110101110100110010110010000110100101010010011000100101101010110010101
11001010011100100011000111101011000000010001101101110110011111110011110001111100101010010010101000100100011111000010110000000110
11101101000001001010001100011110010110111000000001101101111000000101000111111011101100100101111011111111110011010001010100011100
00111110100011010100010000011101100000010110111111010000111100111111001010100001110110100000100000111010010100000101000101011100
00010101100111011100111010010000011010110001110100110011101011010000001010000110101000101011000110100111111010000110111100101011
11111100000000100011001100001111101000010101001000001001000101000011100001111000000011111100010101110000000001110111001110100111
01101101001010100110100101011100011101000001101011100100111000110010110000110010100111011011000000010000111011101001011010101100
01111000110110010100010100001000001000010000100001011110000110000000010001101011011000101011110011110000010100101000010101111110
00111000011101110001101001010101111011010000001111101000010000101011011100100110000011010111111000110110111000011100011011011111
10010000011101000100011001001010101100101011000010110000011001110011111101110010100010000100011011100000111000111010000011010000
11101101001001110011001001101110100000011100000000100111000000000101001100000100110000010011010100110000101101001000010111000101
10001101100101011111000100000000111100011011101010111111110110101000101110101011010100010111100101011110010111111110100101000111
01000101010001010011100100100010110011110111000010110010101001001111101110011010111010111101101000111100011010000011001101000010
11110001010000011100111110011000010100101110101011100010100111001110001011111001011010110111101111000010000010111100001110100001
00101111110100100011001111000111011111010100100010101000000101000000101110010000011011011101100111101111010000110011110000110110
10101110101101111110111001011111010110000010001110111111001111110000011000001100010001001101111111011011100001101000101000111100
11111000101110100101000111001110110001000011011000111010011101100001001100100110000010111001110001011011100011000111101001010011
00011000010011001101000001110010010000100100001111001100100001100000101101011000001010100101100000011100011001111011011111011111
00001110101010000110100011101100010100010100101101100010001011011000101101100010111001110010000101100010101100011101100011111011
10111011101001000001000010010101110010010010111111110001100100011110100001000010111101011100101001011100011101101011111111010000
00001010011000111011100011001101100101100101000100101000010010011110100100100010111010001110001111000001110001011001100111110101
10000001011011100011001110101101000110111110010001100010100101011011001111000110001001110010110111001001100011101010001100000111
01110111101111011011011101000111000000000101100100101001101011111101000111100010110110111011111111001101011011000101001101000100
01000111001101001110101100100001101011001110000111001010011010011111100111111011100110110101111111000010010000101110100011110111
01110011001011101001100101111110101010000101010000111100011001010000000011101001110111001001000000011101111111010001101100111011
01101110001000000111001001101101011011000010001011100011100010101110011101000011001001100100111000011001000001101111100101000010
01101001001101000101110011101110001110110001001010111101111010111101101010000000011000010010101111111101001010000011111010011001
11001011011001000011100001111001110111010111011011010011001111011001100001001111000000111110011001010000000011110001110110111111
01100010111100111111111111011010010110100110010101100111110110110110010011111100111010101000010110111111010001010110110100000011
11111101001100011101110111100010110000101001010001000000000000101100011010101111000110001011011001011010111010001001100011100111
01110011101111001101101110001111001100111001111101000101010101100100101101011100111000111110001010100100001110011000001111111010
10110111010010010101000001011100101100111110110001010100111111110000000111011001101110111011100100100110000110000001001100100001
10101100010100100100110010111101111010101100000111100110100010010110111000010001100111011111111011010000101111001100101100100001
01111101011010111110111001000111100111001110010111101000011111001011011010101101001111000100101100101110101100001110101000001110
01101000000111111010011101010000011111101110001000100101110000101110000110000101001011110100101100011010001110010111101000111011
10100101010111101000111100011100110100000001010100111111010100110111001100011110010110100100101100110001111111011011100000110001
01011010001110011010100100111000001001110000110000001011100110110101000000011001001100000110111101010001000000101100111111000001
01010101000110101111101000101001000010100101111100000010110101011011010010100101110111100010011010011001110111010000000000000000
01111111000110111111001100110111001100101110101101111000011101101010100100110100011011011001001000101100000011000011111100000101
00100010001010111000100101100000010101110011001010000001001001111101111110000010010010101000110000011010101011111011111100100001
11101110010011010110100000100111110000011011100010110111101101111001010111000100100101010000001110001111100000010100011101010000
00101001011111011100111110100110010001000111011000000010001110000110111001110100001000001111110100001001001101011101000010001101
01000011010111001100000110111001101100010100110010011010011001001000110111110000011100011000000001010001100010011100110010010101
10000100001010010001000101000001010101100011101101110100011011010010111010110100000011111011101000000110001001001110111100010101
11000110011110101001101001110011100011100111001000111001111110111110010001111010011101000110001100110101011011011110010100001001
00000111111101001001000100000101111001010100001010101001011001010101011111010100101001010010101100000111010000010110111000111100
01000000110111011011000001001101001001101000110000001111010011110001001101000110001000100011100010000010001011110100001100001001
01000011101001111100111100101111110010111100110101110100100101111100000110110101010101011111110110011110100011011010110001000101
00000011011101111001101100101100100101111000010100011110110000101001000010100111001010010100010001011110011001111100000110000111
11111010010100110000101010010110011011111111001001011011010111011111000101000001101001110111001011111110001100111011000100010100
11000111100110111001111101011001000100011010110000111101011011011010100110010001110011101001011100010000100010011010101011000110
10111111010010111000110010100000001101011100111010110000011111100001111010101101001000101000011111001011101000001000011010011011
10000100001011100100011000011110110100010110011110001110010100001110111011000001011011010111000110111000010100001111010011001010
10001110010011000100110110111100111010000010100010010111010011101000001101001111110001000111000110101110100100100000001110111101
01011010000110101111001000101101111110100101010011001111010010111010110100110100001001111011110101101010001100111110110111100100
00111110111100010110101101010101100100111110100001010101110011010101001111100001100111001100000000101110101011000010011100001100
11000011100111110110101101110010011111101100101101110011101111111110101000110001001000001101001001111111011001110100110111110101
01000100001010010010011000111111010110101101000100000011111010001010111101001001000110011001010000110100001011000100110100010011
11111011111101101010110001000100111011110011011101110011000100111100001010100011001011100111110011000100010111001010000011011011
11011100101100011110100110100100011001110000100111010101011000000010001111100000111000011110011000011000101001011101110101010011
01011100101110011100011111010111111011101000000100100011100100000010100010010001001100000001001110011110001010000100110010000010
11110000000101011101010100000110000111101101011010000101001110110001111110111011111000101001111010101010110000011000010111001000
11001111011100011111001011110000110011100010110111000111101000110001011011011010111010100001000011100010101001000100111011000110
00110010001100001011110110010111111100101100000000000110011101101011011001001001110110010010101001010111100011001010110001110110
01000001010000110101110110111100010100000100111110101010000001000000011100001011011011010100111101101001000001010101110101000010
00110011101001100101010110010101001101001111000100011110000000100001010111111010111100000010010000101001000100010011110000010110
01000011010000110010001100000011000000100011101101010011101110010110011010010011110111101100100101110000110001111111010111011100
10001000001010011010001010100110110011111011101111001001011000110111011100100100001000110000000111110110110010101001110101001010
01101010101011111111000001011101010101010010100110100000100110000011111111110010101000101011001110000100011110000110001100000010
01010101100011111100101011010011111010011110011101011001000111011011011111111101001111100001100101011001110100101010011000100100
11000100100110110101010010111100100010000001000101110010101110010100101000010011011011110110011110100001111010001100000010100110
10111001101100100001100111101110011111011011101111000000101000101111011101110111111101001110010100011011011011100101100000101001
10101000111101000101010011100011100000000111010010000100000100101011101110110111100001100001101001110000011010010000110011100001
01110100001001101100011001110011001110111100110100101111110110000011100101001101011100100100111010111101101111110101001101100001
01101111010010101001101011101111111001101010101111010000000111011011100000011011010000000001100101100000010111110011001011101000
01101001111000011100011110101010010001010010011000000100110111010101100100010000000100111011101110001110010010010101011011000110
11110000011111000011010110010101110010111010110010100101000100001010100011101101011010010100011010100110101110001111101001111100
11010010111100000100111100010101011101111101010110111000011100011101001011100000000000010111110111110000110011110110000110011101
00111010001000100001110100100001101111100101111101010110101001011010101011110010100100100001110010101100111111100000011011100100
01100010000110100101101011011000110001000000110111010001100101010100011000010100110110101010001001110011101010101001011110000110
01000001101000101100111000000101101001111110111010010001100001001010101010000111111010010001001010010111100101010010110011110101
00011100101111011001001110000110010011110010110110110001000100110111000100100100011101100111100100010011001011100110101010110110
11101000101101101001000111010111110111111101001001010110001000001010000111110111010001100000111110101010011010101000000010011000
01011110100011000011011001101001101100010001000011110101000001110001101010010011010000010010101010000100101011111011100000011000
00010000011110111011011010000111001010111001110010010100001011011011101100111110101000010101011011110001101001001110000100001100
11100101000000000011101111101011111111000001100110011111110100010001010001000011011000100110101011000111010100000010000110011100
01010010000100011111100011000101111000000111011000101000110001011110010101010101110111010111011110111011101100011110101010001101
01010011111110100101011001100011110101001101011100000011010010111000010011011100010110010010000100110011100100111000111011100011
00110100110110111001100010110000110110000011100100000101010100011011101101011001001101011100001001101100110000010111001111011110
11100010111010100100001111001000111011001000100000000101111100110010111001111010111010011010000011111001101101111111010011100111
01110001001101111010101000010000100100011100001001100111100101111101111101001010101100001100001111000110010001110000110100000000
10100111110011100011010000111101010011001010001010110111101100110001111110100011000100101111111011110001111101100101101001100010
01001001101010101001110100101011101010010100000110000001001011101000100110010101111010111110101101000000111000010110011010010111
11000010110011001000000111011110101110101110010000100001000000010100110100101001111111000000110011000000011101100011110111110010
00010111001100110011100110000100000101100010100011001101001010010101101000001101000101010111011111000001001101000101010000001111
11001100000100110111111111111011100000001101010111100000101011100101011110011001010001100111000010101001010111101001100010110001
11111111000100010111010000110001000010001110101011000000000000101110110001100000110011010001110100011000011011010011011111110100
00000101010100101000111100000001101101101010001101011010001111111000101000100101011101010000010000001010101010011010011101010001
00001000111100111100111010100011010001111011100000010011011111100000001111111101011111001010001100100011100100001001011000111111
00010001010111101110100000011011010000000101010001110111111110010111100111011001110100011111011111111110110110100011100101110110
11110100011010100111100010001110101000100010011001001010110111000011101001010111111110100110011011101110100101011110101101001111
10111100010000101000100010000110001011010001011001010110100000101000100100000110000110010110110000000110011011110100110110000001
10010110110110010010100011101001100010010010001000111000001110000111010110001011111111111000011110001101101010110011110111111100
11000011111110011101011110000100110001101101110010001010000011000001110111011100111111110000100110010101111110011101110110111001
01100011001011100101011001101101110000111000110110010001101111011011001001000010011011100100110001101000100111110110010101010101
01111100110111100100110100111001100111001000011011001000011011000001101110001010100101110001010101001101101011110100010000100111
01011010100011011010011101111001101011010100111100101011010011010101111101001011111100111100011111111011000111110011011000101101
01010110001001000001111101001001101011111110001010111000110000010011101011110011110011011000110110110001001000100000000000000011
00100111111011001000100110011001101111010001100110111010000100001011100101011111000101100001111011101101111101000010010111110100
10001011111001101111010101000111110100011010001101100111000011101001010000010101010100000011001010011111010100001111111010010101
11001100100001010111011001011101001001001011111011101111001011010100000001011011000000000001001001111000000000100000011010110011
10010001000000010100100010111000000111111111110000100011000000000011101000111111110100011100000011111101010100000001100100100010
01010111111110110011100110011000000001010101011011101110101011101000100000100111111111100000111101011000100000000110011101110001
01000101011101001101011110110101000000100011011100110000111110001110111010001100011111110101011000101001101110011001001110010101
11010111111000010001010111010100100101011001111101011011111111100011100100100011110000111110000010110000000111000010010000000101
11100000101110000000001011011011100101000011110110011101001101010001101011110011001000100111000111101100110110000001100100000101
10000011100001100000110010101011011000011001101011101100110110001011100001111011000001100001000001101010111001100101000000111000
01111100100100111011011110100001000000011001101111110100101110000111100111011000001010100001100010011010001011111111100011010111
11111011001010010000101001110111110111010000000011100100110000000000100010101001000100111111110110111000110101100000100100011111
10011110111100101100010001111011000111001001110101101000101111010001000111001101010111100000100100100011001111011111010000100001
11010101110111111001001001001100101100110101001010100101011100111100010001101010001000001011100011101110011010001011111110110010
01000110011010011000101111001011100110111101000110111100110011110011010100011011100011110011010110010011010101001101111010110111
00010101010100111111101101000000011111001101000101001110111000001000010110001110100010010011100001111100111101111110001001101110
10100011000111101100000001110011101001111001101001011111111101100110000101011011000010011001100100010010000111100111001110110100
01111010010110001000000010110111101101010010101101111100000101100010111111010001111100010011000110011000101100100101110011000011
10111000101000011111111110100110111111111001001110111000100111010110100010001110111001000111101001000111001010111111111100000010
11010010010010000101101001100110110000111010010110111101010110010010101111000010111111010101101101111100101001001000110110100011
10100010111011011101001111001101001100101001101110111111101111101011000010000111100011100110011101011001010011110010111100100001
00001000001111011000001010110000000100000010001110110111110000100001101100110001011111010000100001101010000111101111001000100111
10010000001110111100000000011111111010100101110110000010001001101001111110111001010111101111110010111000001011000011111011100100
11001001001010101100111010100000011110101010110111010110010011100111100111101000011010011100011110101010011000111110111001000111
00110010010011101100011000110010100101000010111011011111111000101000110001110100011100001101111011100010001110011111000000001100
01110000011100011001110111101111100011100111100100111010011001010110110010000100011010011101001010111101100000010001010101110000
11010010110100011101110111101110111100101010101011011101011001111011110000110000110111101101010011101011100001000100011100110011
10110011101011111110000110010001001110010000111110010011110111001101011110010001010011111110000101100110110100101111100010100010
01010101001101000011110101011110111000010001010011101010100111111010110010101100001000010000011011110100101001010000000010101010
10101101011011100000101001001001100011111011111101001010111011101101001001101101000010011010000100110101100011001000111101100111
00100100010010011011111000110111100100000111001111111010110011111110111111100110001001111011010110110100101000101111111001110110
00100100010000011111010100111111011100111111001010111000111001011001010001110100100011100100011100110010111100111001010011011100
10000001011101101110011001000010001111011101101010011100100100111010100101110000110100001110001101011110101010011100000110001110
00010010000111110101100110101001101011101000110000110111110010101100100101100100101111000110001100110110000011100010100010101010
10110001101010001111000001111111111100101100001111010001100100101000001010111000000001011111000010101111000100000010101000011010
10010001000100010011110111110000000000010101000100000110110111010000100100011010011110010000111110011101001001110111000000010111
11110000110000110011110001010001110000000001000010011000001111000000111000101000011110000100000011110110010111000111000001001100
10010100111010011011111110011101110011000110001101011100000100100011001110110010001010011111011001010000111111010000110100111110
10011001010101001110010011000011001010001101111011001100010111101110111111101111110111000001010111101000110100000100100111011010
10101000111000111101011011101000101111000000010001000100100111111111010000011110110000001000100010111110011000101010010111011010
01111010110001000110011110010110010110100011011100100101000011010111001001001011001000011001111001001011000101001011101111101110
11101000000110111010111110100000101101000100011110101010000110110011000000100100001000000111000001011001111010100010010001001110
00110001001100100010110001010001010110010001101100001001011110111110111101100001011010000101100100000000001100001100000000000010
01010001111110001111001110000000001101101111101010011001111111101101010111111001011101001010100001010111000010010000111101101010
10101100011110111110001100010110000110010100000010001011100111111001110010000100111101110011110001110010101001111101110111101100
11100010110111001110100000011100100000111101010110011100010010110000100110100000111111100100011010101001010011111111010011111011
11100001001010000100110101111101001100111101100110001100100010001111011111101010010001111110100011100110011111110011010001110000
10001100010001011111110011101000000100010010111010001110100011111011100110001010001100011111101011111110001100111100100100010010
11111011101101000100010100111010001011111110110010010110011110000110011010000101100001011001110111100010101010110101011001011011
00110101111100110011100101010011101011110000011101101100011010011000111110010011011110000110011110111010001111100011001111110110
10100010100100011111011101110001000000111000101101110000101101100000110000011011011000000111110001111101010111001001111011010000
10110001111111111000111011001100100001011000111001100111101111000010110000100001110111101110101100111110011110010000001101011000
00100101010100010011111101001011101000001100001100000010100111000110010101110010010000111000000101001000000011001111110100011111
01000000000001010101001001010111001110110011110110011000000000010011001001100010100011011000111100010101101011000011100010010110
10011000100111000110111110011011001111110101101011111000011010110101000101001000110001000101111111000011001111100110100100101101
10101101101000010100101111000011001110001001010000100101101100110111011111100110010100111110000011010010011001110011000110010011
01110110001001001101110101111000000100001101011100011110101101101010101011000100111101110010010100011110110101111001101110011110
11100010110101110101111001101011110111000111110110011001011010000001010100000000010101110100101011011000010111000111010001110101
11100111000011011101110110111111000110001011111011101111100100100001110111011111011000100110010111100101010011000100000111001010
10010001110100010100101100110010000001110110100011111010101100001011000011000111110011010100000100000100100010010111000110100010
11110011001111100001111101100110010100101001001001010011110111001111111110101010001010010010001001011000001110100100000000000100
01001101001111100100011010011011101000110110011001111110101110001000011000011001111011110010110011000110100110110011010110000000
00111000110110000000011111011000011010001100100000111101100011110100000100010110000010101010100001000111111110000111001001101111
00011011101011010010000011110010010011110111110100111010110100110111001011010011000101100111000100100000101000011100000010100000
11110111111100100011001001001111111101100101010111001001001000100011101110100010110100111001101000111010001100110000000111001001
10101101001011111100100101010100110110000011100110001011100010011100111000111110101001011100110100110001111010111101100011101111
11111010101000000010011010010110000111001110101111111110011011010001100000011111111011010100001100100111110100000001111000010110
01010010000011000001010100110100010111110111011010110110100111000100100111011100111111100010010100101101101110110000000010010111
00101100101011100010001010111001001010010111010100100001100000010110101110010000000000000010100001010101000010111111001111011101
01101000111001110011001000011000111100110001100101000010111001011001101000000101001000001110011101000001111111001000010000110101
00111101101010011100011010100001110100000101001100110011100100101111100110010011100100100101100001010011101110101111011010111100
11111100000001100011010100100101001010011111100110111000101010111010001000110100010100111111000111000000101101010000000011110110
00010100000100011000100000010011010000110111000111000011111010001000100111010001010101001011110011100011011000011101010000011111
10010100010101111101100111111110110110011101001110011011001001000000110100110001100110011100111000010001010110001000000101100000
01000010110000000101010111101001001000101001001110101011000001000000100010101000111110100111011101001000001110100001100001111101
01011110110000110000111111011111001101011100000011101001100100001011000110101100110101000100110101001000001111001110110101011100
01100001011001000010100101011110010100101110110010010100011101101111001101000101100011110100001001101000011101010101010100000100
00100000000110101010000000011110010010011100111000010001100101101110010010100011001001101010110111101010000110100000101101001101
11101010110001001011011101000001010010010001001001101000000101000111101011101101111000111100110011000001111001111110011100001001
10111011010000011110111111011011110101110110111011010000000111000000101000001100100101100001110010011111010111111010001101111001
01010111101111000111100101001011001001001101110000111010110101001001101011100011101000111111101001101010010110101000011110010011
01001101111100101000100011001110001011000101000010010110111101011010010110100000010011110111000110011000011101010110001000101011
10111100001101111011101000110110111111011011100011111100110111001111100100101101011011101010100101001100100000111010100010110010
11100000000000100110101001011010000001111111101110111000010110000000110010010100111000111110001011100011100010101110010001110000
11110101010011100011000001110101011000011100010101111111110000101001110110110111010000101011000111010000111101011001110101011100
10011011111100001000110110111110010111001010000111101011110001010000110001001001001011000100001110111011111000100010111000111100
10100110110110010011111000000001001010011010011000110110001011101110110100110100010111010001000011110011101110110010010110001101
00100001101101010000011110001011001110001010011001001111001100111000000001110000101011010111110110011011001000000010011001100010
01010000100101010101000101010101100110010101111110111101111110101111110100001000000010100111011000010001100001001111001011110000
01010011011011001101111111000100110110100111010111100000001100100100110000011110010001010111101111001000101101110001101011101011
01000110100111110100110100001000011001010010000110110001110110100110100011000110001010111101111111001011100110000100111110001001
01001100000000111100101111000100100011010011110111100110011000011111101100001111011111111011001101011000101010011010110101000011
10100110100111111011001110010011110011110100001100101001101000100101000000111100111000100000110001111101010001011111110011101010
10110001101111100110101001101101111010011101100100101011100001011110001111101111111011010111101000100111001000010101110000100000
10001001001011111011000100011111111010001100110000111110011110111001011010110000010001010110001101101110010010000110010101100011
11000100001010001001000101110011100110001100111111101111111010010000010000110101101011101111011110000010100110111010100110010010
10111010000001001111111110100111101111011101111001101010100110010110111110101111011011000010100010000001000000010111001010001100
01001000100101100111011010101110110111110101100010110110000101000110101001100000110000100011110110011001110010001111100001001011
01100010001111001000011110001101011101110101011110011011110011011001101101111001010110010110010001001111000101001110010100111110
10010011101011100000101111000010110110000011110010011110111110011000011100000100110101000011001011101010111111000100011101010011
11000010111001011011101100011110111111101110101011100010010001010000000100101010110001110011111011000100001101000000010110100101
01111011111011110110100011101101110110111001111011011111111010110001100110010000111000110010111100000111111110111010100111111010
01001110000000011111011000001010011011001001111110010110011010001001100010000010000110101001111001110001010001111101110000100110
11011101001100000000100111111111110111011111100111000011011001110000101000100100001111111010101101010011011001000010101100101001
11101111011101000011011000100100110100000000000100011101111010110101011101000000110001001000001100000110111101001101100100010011
11000011101111011010101100001011100010010000000011111000000101001011111011101000010100101011111000011101000000100010010100010001
01001100001000001110001110001010110101001110101101010100000111111100011101010000011000111100100011001101010010101001110011100010
01110000101101110100110010011001100011101100000001010000010101110100111101011000110100000101001100001011110001101001011101111111
11011100000110100010000011010101110111010000011111011010000111000100100001111001101010011001010010110001101101001011100101111110
00000100110110010001100111000011101100101010111111000101011111100010010000111111111110001111000110110001010100111110011011000110
01101110001110010110000001100000111111001000110010010000000000110101100000111000100111111110110111001000100101000010101101001010
01111100100110010110110110010101101100001101011011000110101110110111001000111101011000011110001100011010101110010110011000010101
00010100011000111100010001101010001110011011001011110001101000100100101011111011010111011110001111111010010011100000000100011000
00011011011110100000001010000000000000011011110100101000101010001011000010110111101110100101000001100100101010011111010100000110
00000101101000010101010100110101100000101111100100000110111010111100010111111101110011001011111101011110100011011001100111000101
11100101011001110101001000010110001111101101011000001111011110111010011100000111101101001001011011010001000110110101101001011101
10000011001111100000110000011101110001000100010000000100100001111100110110101100001001000001000001000100110010000001111110110001
11000100101101110000100001001100000000111101110001010001000111011010100111000000001001011000100101010011100110100100110010000111
10110001111001100110011110000001100010000010101110010011111001011000111010110010001001110000111111000010110001001100110101110000
10110010000110101010011001011010011110001100110001111001010111101011011110011100111101100011010100011001010001101001010001011001
10110111000010000001001000010100000000010110100100101100100101110011100100011110100010111110101111011011001000001101100111011111
00100010000100010110011110110110110011100001011011001111011001100101110100101001001001111001010100010101011010110010010011001010
01001111101111101101101111010010110111011011000000110101010001101101101010011010001000111010001000110110011100101010000011110000
01111100110001001101101000010110110101111011010101000011101111001010000101011100010001101000111001101000011111111101001101000100
00010101011110011010101000010111000111100010110100111111011111111101100010011001101100101010001110010100101000100111101101010010
11111111100010011001001010011000111101011101101000000000001101010100110010111101010111100101111010000100110000001100000111100111
01000101011011010111001010010111010101101101010000101101011101000110110101010010100001100100000111111011100010111010110110000011
10111011111110010011111000010010110101001111100000111100111101000111101110001111111001001101010111011000101111001110010101011100
01100100010111010011011100000000101100010001101001110011011000010100000000001000001000110000010100101010110010110101101100000011
00011000100110110010100000110110010111111111101001001011010100100100101010110100001001101100101100110011001011011000010001011101
01010011111101011100010101011011100100100000101000010010011101111011111100000000100111101010110111100001000110110111110011101101
00101111001000000000100100101001111100001010001111110111010100100010000010110001011110010100001011101110000010000011001100001001
11110011101001000001010001110000010000100001011110001001101000111110110011101111110011111001001100000101011100001011100011100010
10010001001010110101010111011101011011110000111100111100110000101011101100000100100001010011000111000010001100100100001101110110
10110010001110101011000001001101000000001011101111110000111000011011000100100010001101000100111100001001011001100100000011011011
01100000011111111111101110011011101001001011011001101000000011000110100001011100100000000111001000001011111000100000101111011010
00110011100110101011001011001100011000001111111100011101110001011110011001110110101011100011000110011000011110100100100111111110
11100111110000001100100011101111011111011010110010010101000100111001100000110100100100101110101100100010110100110100011011010011
10011101010001010111100110000111111110111011100010001001001111100111010101111001101001101100111101111100000111001011100111110100
00011100111101111100011011100001000100010111010011000000101010010010110010000101001110010001111101000010011010000001110110111111
10110010110011101010111101000111000111111100110110000111000100110100001000011101011000011100100011101110000000010111100011000011
00011011001111001000101000110110010111001010110101000010010000110111100011000000100000100111010110001111000010000101100101110100
11010000010100110100111011011101000111111101110000010010001001000010101001111110001101001100001001111001001001100111010111100011
10010101010111101011011110010100000111000111110100100110110001001010111100011111111000011000011111000100100110001011110000100110
11110001100111110101001111101011110001111101001001100001101101101010111011010101001011101011110010000001111101011101110100010110
10101111101111100100100001000001000010011011100000000001011100000001011011110111111010101010010000000010110111000100100000000100
11000011011111011001101100101010000100010111000011100000000011010000101001100110000101100110010000000001001110001001111111100000
10000011100011100000001100000000010000000011000110101101110111101111010100111111010000011100010010000100001010001110100110001111
01010001101101011000011110001000100010001100010001001100011100111000011001101101001111001001001101000100100100001110110110111000
11000001111010011011100101111111101100011010111000110101000010101111111011101110100000011101111001110001001100111011011010000010
01001001000101101101001110011110011110100101110010001110010000010001100100000100000000101000101101110001000111011101111111111100
10011100100011001111111010001000101100111011111101010111001111100101010010101010011010111001100000011101110111100101111111101111
00101100100010010101011011001000001110110011100010111111010000101100010111000101010000011100010101001111111101011100011110101000
01000011010011101000010101011101000000111010101000100011001110101111001001110000111010111000100001011101001011111100001111001001
00011110100001101110001111001101110000000111001010011000111010000101101110100011100101111001001000011101001001101101001101111111
10100011111010101110001110100100011001000011100010100100010100111101011000000110001000110011010001110011001010000100011110110011
01011101100100111000100110101100011111110010000110101100001001100010001100001000000000110110001000001010101111111001001110001000
01101001111110011001010101001111110001000011101001101101010101010111111010100011011010011001101100101000010001001011111101010001
01000001110000101101110000110111101011010010000001111011110110111000011011010010100100101111111100010100110110010110010011011101
00000010110110011011000111011111101111100000001101010111110100101010000011100011010100001110100000101011111110110111101111001010
11111110111000000011011111010000101100100010110010110010110000010111001111101011101000101101100011101001010110110000010100111001
01101010011000010100101010100100010111010011010101111011111001011010100101010111001000010101111111000001000111000011010100011101
10110001011110111010000101010001000000001000100011000011010110100111011001010010100100111101110001000101110110011011110111010001
11110100010100111101100110110011011100100100110101000111100111000001111001011101101111110000000111100111111001001101001011111101
00011100001111001100011100110101011100110110000011100000011010011011101001111011100011100000100101110000100111000011110000010111
01001110000001001010110101100011011101011010111111100110110011001111011100001101110000101011011101001010110010000010111111010111
00000101100000100110111110111111101010001011001101111000000111100101010011100000010101000001001001010010100011100110100001100101
00000111010010000000011111000001011100011001110001010111110001001111100100111111010101110010010101111000110110000111000010110000
11111110111000001111111100010110011011010010011100110000000001110101000101001110001110111000111101001010001101100111010100101001
00100011001110110100010010110000111101011011110000011101010101111001100000001000100111000100011010001000100011010000010100010110
11111000010110110001101010100001111010100010010001010111100101111101010001101100010111110100011100111010111110101001101011010000
01010111001110001111001001011010011100100000111010110010010010101111110001101001110100110011001110110011010111000000111001101010
00101111010100001000111111001001000001100001010001000100000001101100101101101101110011011100110000111000011001001011101110000010
11001101001100000111010111110101110100110001011000101000100101101000001111010001011101011000110011111010011100011100111111111100
11011001111101011000100100001110101001100011100110010100001010111000011101111100110011000000101000100011001111100110100011100011
00011000100011010000000000110010101110100010010011110100111101110010100010111000110111111110101001111011000000010110011011101111
11101001011100000100111001000010110101011101000101101001111111011011010110011010001111001111010010010011010110110111101000001101
01001000010001000100111001001011111000010111010011001000111001001111100111011011001001111001000001110010100110100011001001000000
00110110001001011010001101010101110011100110001101010100001000000101001101101010011100101011100100011111110000001000001110000011
10011110011111100011001000100111001101011011001101001001111100001100001010101100100010111101010110100010001000100010011111100110
10110001010110011000011110101110100101101111101000011100111000001110101101010011011001111001110101000010010101010101110100111111
00101100000000010011111100110011110100100111000110101111010001101101010011001111010100001001000100001110010110001000101110101000
10010111100000000100001111101011110101100111000111000001010111011101001110011011001110010010010101100100111001010001001000011001
01111100100100100001011111000110011110011001011001110110111011000111111011101100111000101001000010100011001000111101001111100110
10110101111010010110010011111111100010110111010010110100010101101100010101000110011100011001001110001001011101111111100001010101
00111101101000110000010110010111111001001110110010011100011111000101000110011001110111010000100011100001101101110010100001010100
11011011111001100000001111001110101001010101011101001101100101100100101010000100000111010001010111001010010100110001001001101010
11111000111001010110000010010001101001011111110100110000101001001000100100110000100110010011010111100001011010100100010111110110
11001110110101010110011000110011100101111001100010110111001001011100011110010001100101100110111111001001011011101000001100100011
00011101111101000111011110111001111010110000000010111000100111101100011100110000010001110101010010001010101010001010001010100111
11011011100010001010110110001011001110011000110111101111011011010011000011001001111010100110010001011110011011111111100101011010
01010110110101010011001011100001110100111000110101100000010100101001110111110000001111100011100110100111111111000101111011010010
11101000000010001100111010011111001010001000100010001000110110000010111001011111001101000100110001111001001100011111101011110100
10100101100110010101110000110101110000100110001010000101001110000101010010111011000001001001000000011000010011100111111110111101
11101010010001111010011101111100000101110010000100011101101001000101000110101100110010100111001000001011110010011111100111110101
00011110011000000000000101111011010001110011000001010000111000111100011011011000100011001010010011001011001011010111110110110110
01011010000000110001100011011101100111100101110111100111100101001010001100110110011000111110011110010000010111010011011101100100
11111110100011010010111111110110101111001110100010001010111100011010100010001100001000011011000110100010101001111101010111101010
11011111011000010000001101011101111101010000000000111001101000100010101111101010001111010101000110011101010100100001000010011001
01101110110010101111100011110100100011000111100011011101000110101000010100111111001101111001010000110101110101101000100100011011
10100011110101001000110001000100000000111010111101110001000110010011101000111110011110011101011110011111000110111111100101010110
00000000011101011010001001000111111101110010110010000101110111010011000001101010101001010100110101011001010110110010110100000011
10111000100100000010001010000000011000000111000011111001101001101001010101111110110010111010101110001110111101111001001011111101
11010001000101110001100110000111011110111101111001001010011111000010101000010001111011011100111000001010100010101101011101001100
00000100011100111000011101000110111011110110110100000010000010001001111110011001100010010011101110010111010101101110111001011110
11111110100100100110010110111010100000101111001111001110000111100100100101010001010000101110110010011101100100111001100010110110
11001000101011100100110101111010011001110000101000100010100000111000001010100100001111111111010110000101000010011011011000100100
10000011110110111011101001111001100000101100111111110010101100111010000011101100101010110101001011010001110110100001011100001011
01011100011000001101101001111110111111110001111111010111000000101111101000011010110100010110110011111001011111001110110100101011
10011111000000111010001110000000011101100000000000000010011001011000100001000111000111001100000110110001110000011101010000101010
01010001010001000010001111101101011011110001111111000010100000010100111001100011110011010100110010011010000010001100011010110110
10111100110001111011010111110000101010000010100010111110110100110011101100001110001100001010100001101111100000010110011111000110
00111000110010111101110110111111010101010011010000010011001101100010111110000011100100011100000100110011110101010101111001010101
00000101101000010010001101111111000010000100011111101001001110010000111111010110101000111100110001110101111011110010010110101000
10000011110101001100101011111011001001111001111101000100011100111001110011111100011101000001110000110001001010001011000111001011
11010001010001011000101110011111100110110101001010100110100100111010100111000001011010000100001100100001011000011010000111110011
10101000001101101110000110111110001011000010011001101001100110010100001110010111000000110100010110101100101001001111011110011001
01100010010100110101000010110010011101100111011101010001111010110010001111111001100011001010100110011100000100101100101001111000
10000110110101111100111100000001011011001011000000000101111100111100010110111101011110001100111101101101001010111100000111000111
00111001010101011110000011100010101010010010110100111011101001000110110111100110000000001000110100001010001000101111111110110000
11100110101001101010101111010011111110100100000101101111001110010011011101111001110111101101000101101111000011000010000101000100
00001111000101100111100011100011101010111110010010100100010110111111011000110011001011011100110000110110010111100011110110001101
10110101110110110010001110110001011011011111110110111100111110111000001110101111001100101010110011101101110110110000101000101001
00011010001010100010010111001001101010011110001011101011001000100101011110000010000100001100111011111000101101001100110101000000
11111010001111000011010000111011001011100101110101111001111011000111001000100100100011110111110101001000101110011101010110001110
00110110000010111000000101100001011000111110010110011111000001000101100000000110001000001100100011011000100001000011000011111000
01010111101001001110100011011100101001110111100001010010011100111011100000101111110110111101010101011110101000001001011100110000
10111001011100001011011011101110111000010111001001110110101100000111101000000011000010011011111110110000101111000011011011100011
00011110001100000101101010011001001110101011101011011001100000000111101100001100111010110011111010111111010110110010101111000011
00001110111110010010011110000000100001010111011110011001000111010101101011011101010010100000101011000110001101011010010011011111
00010101101000100111111011100101110110100110110011100100100100111101100010010000000001100110110101100011111100100000001011111011
11100101001101010100001101000010011111000001001011101001100010101010101001011000111000101100000100100101000010011111010011010010
10110011011010001000010001110111100010110001001101010101110110010110100000001100110101110101000001100011110011011110011001111010
01111010001010100001100110011100010000011011100110000010111111001001110001010011000110100101001111101001110010001000011001000011
01010000010111010111010001101110100011011011100000010110011100001000000011000000001101000011111010101101010011111100000000010011
11010011010111011010111010110101001100110001000110011111000111101011101100111101000001100110001000011001111111101011001010100001
01111111111000100011010101001010000100100010001001111011000101100000101000010011111010011011100111101111101000110010001101101101
00110110110100001001110100011101110110101010001100110100100011010101011010111100011011111110100100000100001000101100100101010111
00111110001100100100110010001100011101111000110010011100110111000001001101110101101011010000101100100101001110001011111101100111
01111001101111110010000010011111010101000011101001100100011011000111001101011010110011001010101001111100100111001111111100000001
00110110010111101100001111001100100101110100111110011011011111010010000110111011111101111100010101110010110110000101001010100100
10000111101000100010101000100010000101000001110000001010010001011101111100111000110011110010011011010000011001010000011111010100
10001001001111111000010101001100100101110010101101010111010011011111111111011101010001011111111111001100101010001011100100001100
01000011111111011000001111101110001110010100111111111010111101110100010101110101100001000101111011010011111110101111110010011110
00011000011101100010101100010111101101011110100101010100011010000110010100110110011111100100010011011101000111011001011101011100
01001100011010011111100000110110110011111011001101100000010100110011010110101110101111001011001001101011101110000111111101111100
11000101011100101111101010111111010110101101010111110110000001110100110101011010011111101011010110110000011110001111010001101011
01110000110101001101010111101100101110110111111101101100110011110110101100010101101111010110000101010110100001000001011010100010
01000001100011001011111101101000100001101011111011101001101011110101001111000000001000000011110001010110111111000100101110100100
00011011110000101010011011010111100111000000101101100111011001110111010100001101101101110111111111001111000110111111010000100101
00100011010010000101100111110110001110110001000111010001100000010010111000000110000111011100101100011111010001100011111111010011
01101000010001010010000110101000001011000011111101110111000010110011010100110100111000110101001100001101001110110010111100000011
11001101000111010001010010100110101010001010100000001100010101111100001011011001001011001000010100010011010001011111010110110101
11000110011010000110100000001000101110111110110101101000010110111000111011001000001001000010110011101111100110010100110111001110
10001110110101110000011111001101000111000000100111000110010100110100100000000010101010000101001000010001001100011010111001011101
00001110011011110110000000001101111000010001010001001000100011110100010011111011010000100100100100001100001010110001101101010100
10110101000101101111101110101111011111110001111011000011001110110000011100110111001010100101000111100100100001110001100010011110
11111100110110010001100011011101111100110011010110011001101100011110101110000001010011000100110001100111001000010111101110001110
11101001011110011010101000010101000101110000011100011010000011011110000100110010011011100111001110101010010111111111110110100010
00100001010100011110001101100000110100001101101010101111101001001101111111110001001100011100000101000101001110000101100101010000
11101010000111001101110101100001010111101101010101111000110010000101111001001001110000110110100001000011010010010110000010101100
00111000100001001100010100111010011100111011111010111111001100001111001010010110000110101010001110010101101101100010010010011111
11110000110000011110001100011010100100010111101000110100001111100110001011000111010010110110100011001011110001001111011100110010
10001000000001000010000000111010010101011111001100000010111000000010110011101011100110010101100111111011000010011000011111110001
10011101110011010100000010110100011100110110010000001011100010111010111101010011110001010001010100011011101110100011001001111110
11110010011111110000000010010111111111010100000110111011111010111100010001101100110011101010000001101101101011000111001001100001
10000100000010011011101011011111110110001010110000010010111001001101001011000111011010001110101111101010101101101100100011111100
01011100001011100000100010110011000101100011110011011000001010000101100011011101110101101011110101011001110100001110110101011101
11100111011110011000101100101011001001000101000100010011010000011011001110010111110100011101111000000101110011100110010000001100
01100101010010001010111010101010000001000011001101111111101110111111111011101010001110011111111000010000010011001000100011100101
10100111111000011010001011010011011100101100110001001001010001001101110011010110001000001101111100110001010101110111011101010000
10100110100010011101110001010010100011110110110100001101010011111110111010110010101110110001000001110010100011001000001111001111
10101100101101100110111101011010000111101011011011111111001001110010000110001101001110111011110000101111110011011100100101000010
11011101010111001101100100111010110010000001010110001101001010001001010010000001001111100011000100001111110000100001011010010101
10010011011110011100110001110101001101010000110100110010011000011000100000111011110011101010010111010100010100100111101110000110
10110100101111011111101101100100101101000010011101010000000011111110010001110010111011100110000010000110000101011001110000001101
10000011010110110110100100011111001000011101011011001110110101000010100101001011100010111111100010000011111110101000011100100111
11000001101001001110111101111001001001100001000010001001111100000110110101001111101101111100111000000110000001000011010110010100
00101110001001011101111100101100011011101011011101101110111100111011001100011101011010100000011000110111111010000110010001001111
01001100110001110011001110110110011011000000011000100011101010100110000100100010101000000111011010111100110011101111011011101000
01100110110010000011100001111101101000101010111101010100000101111001001000110001100110011010111110011011110101111001101111010011
01011011100000010101011011000110100111101011001111001111111010011111101100010110100010000101101011110111100110111001011011001000
01101011011111000011001001001100101000001100111011011101111001000011101010010111001101000100001001100001000101110010011110111001
11100100001000101000000000001000010010101000110101011110100100100001111101010101011011000101010010111011001011010010110011011110
10011000101011010010010001001111101110111110010100111100011110100011010011010000110011010111101001010110011010010111111010111000
00100111000010100111101110111111011001111000110010111000010100011000010111101110111010010101100100111000111100011000100011000001
00001110101001101011000001101011000000111100011011010111011011100110011101001101111010111100111100001010110101110011110011100111
00111001010101110111110101000000000101101001011011101000111011001011101110011101011000000100100101111000100111111100011110110011
11100101101001111111101101110100101101110001110101000101110111110100011100101011011110000100110010010010110001011011110010111001
00110001100011010001110010010110011110100101100001111101110010000101110110100000101110110000001010011111110001110101010101101110
10110000010110100111100111101000111001011101101111100000000001101010100010100110111000011110001010111001001011011000011101100010
11111111000100000101001000001001110010011111100110000100100010101001100010100100000001010110111010001100101101110010111010111100
01001101111001101001100010100100111100010010011101010000001100110010010011010100110011100011111011010001101010111100010001101101
10001000010001001111000001010100010111010010100011101111100101011011000110111101100001010111001011010010011110100100011010011000
11100010001110111001011001110001110111011010010111101010001010010010100110110111100110000110101011111111111001000001110010011010
11011001001101011100110100100110001010110110100010111011000100100100001010010100101010001011110000101010001011111011101101001010
10001111001100110010001100010100000111111100111000101011010100100101001110000001011000001001101011100101100011110001110111011101
10100110010110111011110100100011101000001110000111001001110111100101101011100110010001000101111100110101110001000001001001001101
10001111101100101000100111011111010000110010111000010011101111000101101111010111110100101010010110000101100010110111111100011110
10001101110011100100111001001000001010111001111110010110100011010110001101111001010010110110000110001010100111101010010001101110
11011010000110110000101010001111100000111100000111000011000110101111011011111010110100100011110010010011001011101000011110010110
00000001001100001101010010010100000100101100011110100100111111000111100000111101001100111000101110001010111010111100101000010000
10001101010011010000011100110110110000111101001101111100011010010001111101011111000011001111110000011110000001010111101011100101
10111100011001000111100110000001111001101001110001100101101100110101010110100000111101111011100100111111100000001001100111010001
11000100101101000101011000010011001011101101111000101100101100110100011011100100011000011110001001111111011001101001100010110111
01001000111011001111111111100111111101111110101000010011110100000001011111100101110100100000000010001000001111101100101010100010
00110101101100000011010101111010001001110111110010011001111001011010001000101100110000010011001101011001001011010011010001011000
00000001100100000001111010101100011000011001111000100010001001100111101000011001101101101110010100010100100101011100010010000011
11111011010110111100011000100001011100110101001110000001110110111101010000100010110001000001010110100010101111111110011111010010
01100101110010010101010111001110100010110101010111001010111001100111100100101110010001010111101100100010010110000101001101000111
11100100011111101011110000101111111100000100101101001101000011110110111000001111011001011111101111000011100101100000110110001110
00000110001100101111000111001111001110011000100011011110001011010110001100011001010110001001001100100010010101111001011101101111
00100111011000000010001110100110101010100101110101001001011111110011001001111101101000110100001010001011100110001111000010100000
00101000100101100010010100001001001100101111101001100011001111110101100010001011110000000011010111110001001110001100010011110011
01110111001011111110000100100110000001001100101001100100001100100001111110110110011011001000000110000111000111000100010000011000
10100001111011010110110111001110101001010111000111001110110110001010000010110101100100100101001111001011011101001010110111101110
11010011100100011001101101111110010000011110011110001000011110010010110110111011111001011100000100001001110111110110000111100010
00101001101001111110000001110110111100000001001011000110100011101000110011000110110111001001101110100010010100111010101000000000
10100110101101010000001100010000011100111100000110100101111101001010000101110010110110000110100110111110010100011110011001000110
10101000100110111011011110111111001011001000110011100001100111111000001100100111100100001101100010100110110000111000000010010011
01110111011010101001101110000000010100000010110100100010110110110111110100100000011011110110010110110111101111111110101010001011
00100001100010100000010100000011111001011100111010010010111000000010111111101111000010001111110010110001110101001011001000001010
00111100111111101101101100111000101011110011110110111100111011010011011111111001000001111110001010011010001100011001100000000001
01000010011100000110100100011101100110011011111111010111110101011011000011101011100011000101101000110101010110100110111101000100
01100110010110110001100110011010010010100110011001011110110000111100101000100101111110110010011100011110100101010111111111100111
10100000110101000101010100000000010110001101110001110001000100010110010000010111001001110110001010101001111101010010000000001011
00100010111000010001000010110000011100001100111011010110010000100001111100110010010100100011100101010101110011110010110100011000
01001110101100000011011100011111000011100010011011100000100111110010011010010010110001001111101000000011110001000011111000101101
10111010111110000111000000110110001101111010111011011110100101111000101110111001110111100110111000011010101011011001000001101001
10001010001000010100110101010101100001111100000011011011000010000101000100111101000101110100001000100110011011100001010000100011
01000101000000111011001100010111111000001101110111101000011000111111100100011101111011001000001011011010100110010100101101101111
10100000101110000101001000111011011010000111100100111111011010110001111100011101101100011100011101000001111111000110001111000110
01101000110100000111000101011110010010000010010100001110011100100100101101101111011100111001101011001110100101100010011111101110
01001000100010011000110110010000110110100011110110110110101100111001000011011110001010001000001010000010100101000001010111011111
11100101100101101001010010011010001111000000100000010001000001100101001100110001001011010000010101101111000000100110011111101000
01010001111010111101001010000011000111001100111100110010010011000011000011011001101101010110001010010000000001011000001111010011
11010000111110011100101111110100111101110011111111000010010101111100111100100001011010000011011100011110000001101010101001111101
01010001010011000000111100100111110011000100011001100110010001011100011011110100010011011110100010110110000001111110100011000111
11001111011011100000001011100011110101100000010001111011110001000101101001100100111111000000101101100001101001000111100100011111
11110001010010001001001001000011101101100110011011101010101110110111111111001010111000111111011100000001001111000110000011010000
00110101000101000001011111101000010101101011100100110000110001001010111111010001110011111011000101011111001111011101011010000001
10111100111101100110101100001011001010010011110011001100000101011001101111000000001001110110001111100111001100011001010111101011
01100100000000101011110101000100001100001110111110001101000001010001001111100101101100001011100001111101100001001100110111111010
01111001010000101111101100001000011011100100000100101010111111111001100011000100000111000011110110101011101101100111100011001111
11111101001110010000111100100111101110111001100001101110001110101001010010110110111000100010000100100001011000100100011101010110
01000011100100100010000100100111000100000100000000001100001001110000100011010011011000011010111110011111111111010111010100011011
00110111010100100001010011101100101110001000110010110001011110110001101001001101010101101001101101010000110101101011001010101001
11000111111100000110110001011111101001011001010101010110011111011111001100110101001011111100011100100011010110100001101000001000
10101111100110000100011011111000000010100000100001110111100101110010001101011110000000110111010010001010111100100110011001000010
00100111011000000100000000011001110000010000100011001001100111011000101010001100110101111100110000101110000000010100001101000100
00010011010010111111011010101001101011001010101110111111101110010100111000111100011001011010000110101001111100010011100111001001
11001000110011110000010111101000001100100101101101011000101100011110101011000111101111010010111110010011010110000110101011101011
10000110101001110111011101110001111110100010111001100100011000100101110101100111101110111000101100101011101010011011001011010101
11100011010000001101001101010100000101110000101001110001101010001101000010000100110010001010011000010011001010010001101111110110
10001100000001110100101011001110111101010101001011001111111001001110010000100001110011010011111101010110000010110000010100011001
00100110000000100110100011110001001011100100001001001000110011111010000111110011011000101010001101000010001110110001011001011101
00111100100000101010101010010110000110010111000010101110111011110001000111110000110011110110100001001111110101010100110010010110
10110111100000101011010100111111011011000000110110101110010111101000011111110110110101100110100001011010000101001110100111101100
01111000010010110111010111011101010110111001100001001010000100010000100101110000101100010110101110100101011011101001100010110010
00000101110101101011110000011000110111110001100111110000010000010111011101110010100001001011111110110110010011110111010110100111
11010111101100110100101111001110101010000100110011011011010110010011111110101011010011001110000000010001111011001111000001000101
10100100111110001010011100001001110111101011011111011101100101010101101110010001111010000110001101110110111001010111001101101010
01001111001010011011101010110101110101110111101000010001010101011100011011000111011110001011111010110100111001100111101100001100
11110011001010101101111110101110111101000110011100000001111010101011100010010011101110111111110100010101010110001001011000111111
10010001110000110101100001011111001100100101100010111110010001010110011001110001100011011110100010101011001000101101100100010001
00100011010110001011110111111111101111000010111110001001101010111110100111000001000000101010000000100100001110010011000111101000
01110001000110110101101100000101111111100101010111010111000110111010111100101001000111111010011100101111010001111101100111000010
10110100100000101100000011101111100001111110001000000001111100000111101111110000101100000001001010111010001001101101101100110000
10000000011100101010010110001101110111000101101101100111000001110011100011101100011011010110011000000000101010111100010111001011
11011110000111110001011001010000001110110010011100101100111000100101010110000000111010011010011100011100001001101111001110110101
00000100011101000000011101011000010010110000100110110101110111101000101111101111010000101000010001010100011000110100110000110000
01000110110011111100101111011001000100111010101001111111101011010100010100110101011011110001100010101010010101001110010000100100
01110010111100011110001110110111000101001101010100110000111011011100101111101101000001100011101101111001000111011101011101000000
01110010001101100100011000110010111110000010100000001000011101000001011100010100100111001011100101000100001001111010111110110111
01101101001011001110100000011001001101111011111000111011101110010100000010101111001100000101100111100110100111110000111110101001
01010011100100110111011100101001100001100001010000110101000001110011100000010101101000100110000101111110111001111100100110100001
10111111000000010001000011110100010100001111000001100010110010010010111110011110001011001001111000110100010000010100011001000111
10101100100010011011101100010101110001010110000010000000001011100000001111001001000010100110000111111101101001101110100000111101
11100011101011101110101000100101001111101000100101001111010101011010110110011010010000011000100000000100001001110100100010111000
01101010010111100010001001001101110111000011111011000110001111001011001011011101011011010000101100000101011011001011000000101100
