00010001011010010011000111010000011000000111111111110101101110111101101001110011010111111110001001001010110010101111010110100000
01110100101010001000101001101110101101101100111111011001000110000011010100000001010101100110011001111101011000101100011101100011
01100001110011011101111100101011101000100001000100010010000011100000000010000111100010100001010101111000011101111000010111110001
01100110000110010100100010001001110101011110010000111001101011100000001110001100101101010011100011011000001101010101010010100110
11101011011111110000100000001010111100000001110100101001111100001100010100011010010111111101001110100100000001101001000011110011
10010011000011001001011001110000111001000101011101100011001101101010001111001111100000011100011100110001111100100101100000111101
10111011001100111000010110100110001100111011000011011010101000100111000100000000110100110100101010000111100011111100010011000000
11111111010110011010111011110010000110000000001101110111011100011111111101111100010000000011110100111000000111100100111111000010
10111000110100010111001110011001100000010000001001001001111011010011010010110101000100010100010110100001010011110000101111011110
01000111000101001000100101010000110110011010010010101100011100011000001110101001110101110011110001001000001011101101110000100111
11010010000010101010101000001010110010000000100001101101000110010000111000110100100010001101000100001111110110100110111011100111
11100111011010010110010111111100110110100000010000101010000000100010001000101001100111000111100001000010101001110010111011100101
11011011001101100011010110110111010111101010111000110100101010011101110110010101011001101101111111101111001000010101101110111010
00100101001101110100010000110011010001011100001000111111010000101010101111101001001010101100101001011110111110010001001101101101
11000000101001011011000010101110101100010101010010111101011101011000111111101110101100001001110011010100011110010110011111101111
11011111110100011110001011001110110001101100101101110110110111110110001101010011110110111100110011111011100100101000010001101011
11001010011110101101001101001010100000101011001011100100010100101100111110011110010110111000101011001111000010000100101001011001
01011001101001000011101000100010100110100001111111101001100101101000000110000101000100010111101010100111000011111100111011101000
10000111110000010110000001110001111001001111011111110011111001101101000101111100010000101001001001010010111111010011011011010110
01100100011101110011010111110111011111111101000000111110100010001010110101111000110010111000110011111100111111100111011011011111
10101101100010001010010001101100010111110011001101100000101011001000011010011111010011010111000000001100101110001011100011101001
10101110011110011101010101110011000110111100111101110100101011111100010001100010100011010111010001010010011100110010000111111000
01111101110101001011101100011000010010001000001111001111101011010100001100111011000100001111000100100111111100010101001101101110
11110010100101101010111100010100100001011000100100000101110001101100010001110010100110000101111110111000100001011111011000110010
11101101101000000101100000000010000110001110100011111110000101000000011010110110100110001100000111001101100011001101110011100101
00100111001110001101000001111100111111111000001011010100010101010001111001100000110100101011100011100110110001001101011100000010
00000001001010110111010111110101111110100011110001100010000001011101111111110111110001000000001001110101011110001100001110111000
00101011000101010001011001111001100011010011101110000001001111011001111101000000110100011000110101111101000000001011111110000100
00011100001111101001001000100111101010100101100111001011010011100010111010010111010010111000100111100000100110110101100011101011
01011010000111010111100001000010111111010111111001010001010110000100101001010010010110110001110100000101000011111101000011000101
11101101000101111100011000000010111111111001111100011111011010001000000101110010010100100011100001011010001011101001101011001100
00011010111001100000111011100100111001010010001011010100010010100100001110100001010110100000110111011100110011010111110000110101
00000010100001100110001110001000011001101001101101010110110010101111001001001110101110001110101001011100110010010011000101100110
01011111101010111000100010110001000001101100100100000111011111011101010101000101111111001010101111010110111001000111000110010001
11010000010010000110000011110100001001100011011000011100110110010101100111100000011111000111011010011101000010110100101001010010
00010001100101001101001100111010100100010011110011001001001001010000111110101000111110000000110000110101101110000111100101011011
01100111101111011010000101101111101001010100010010000011011010111100110111010100010000000000001010011111110010010011101111110110
01110001011111000001000111111101010010100000010110111010011010111111000010101101110010000011110010111011011000110001111110111000
11101110011101101111010010001011111111000111010011110010000101001100110111110011100101110110110010001001010011100100100100001010
10010110010011011011111111100011101101010010010100110000100100100001011111111010011000100110100101001000011010000010101000010010
01000110111101011110010100010111100001000111111010100001110001111100110010101111111001111011101100011010111101000001011100000101
10010101000101000001101000111100100110001111000101000101000010100101010101011110011101110000011001000100010011001100000101111111
10101011111100100000001001101011100110111101010101110000110111001101100011111011111000110100101001111110100011101010100111110101
00001100111100111100011001111011011100001001110111011011111000010010101110111100100110100101101000100110010101001111111011101010
11110000000101101011010110000010000110011110101100010010101001010001111001110011101001111011100111111100010101110100110010011111
00111101010111010000001101111011100000101111101100100100011011001001100010010011110100101000000010100100100100110101010110100000
10110110110010010010110110001100110011000100010100011100100001110101000000100100111010101011010011000111001010110000001100100001
01100110000010100100011111001111010010111000011011000011110001011110110011111110111000100000111010111000111010010011100010101011
00001101110011010000100001101011100111110011010111001101010111100100000001001010101001111101010000000111001111010101100101110101
00001000000010011110101011011110011101011101001100111100011001101110001001100110100011011001111101000111101111000010011111101111
10110110010100001011011100111111001011101101100011010010000001001111000110010011101011110000011101101101111000001001111000111110
10100000100001000101001001100101010010011101111110010101111011111100110011101100001100000110000111100010110101101010000100100100
10111000101101010011011011111010000101001010011101100010001101101100101000101110000011010111110101010100110111001101111100000010
00011110110001111100100110111001101001001001000101110010011001001000000100110100100100010111101110000110110011110011100111110111
01011010110110000101000110001011001110010011111001001001011011110001011101101100111111001111111011101001111011110101000101111110
01110011001101000101000000101000110111010101001100010000100110101011010011110111010100111000001011000011011101011000000001100111
11111000100001001110010110001000011000100101011000110110010110110110000100010100111111000100101000011111000000100100000101001100
11011101110001101000011110001001000110101000101100011001111111111010110101110110010000001001000111101100010000100001101011011000
11111000111011000010010100001010111100001110101110000011010010110001111110011010101011011011100001010001000100111100001000000111
11111100110100000111101010010011000000011011111010101111010010010110010010000110001110010000101010000101101110001011010101010000
00001011101011011001010101101011010100101111011111010100101001000010111110101001011100100010111101011000001111110100100100010010
11000011111010101100011101101111001100000011001011100000001101001000000011011110100011011010001110000001000010111111001100000011
01111110000111011000110101011011001110111010001100011010111111011001111010000001110110000110000100111001000101111001001111000111
11011011111101110001001001100010100110000011001101011100101110110001010000011111010000111010100110001011011001101101000000101100
01010111110111101010011001010001101100101000101110110111011011110101011011001001111100111010011011001001101101100011000000111110
11000100110010001100101000011010100110010000000001111110010101010010011011111010101010101110111001111110111110000100110001010010
11001110001010010011000001001010000001100000010111101110111001101101010010001011110011010111001000101111011001110110100010110011
01010000001000000010000011011001010101011110101101110110110000111101100010110101001111100110100100100010110010010101101101011111
10100001100110110001100100100000100010000110010001011110000101111011000000100000010101101100100010010000100001010000010010101010
01011111110000010011011111010100101111100101010011110011101000110111111110000100001011000000111000101010000011111110100011101110
00110001111011110100110001110011010010011111000011101110011111110111111110110010101100011110001110110101011111111111001001010000
01111001010010011111000010001001101111110011100101101111100110000011010110100101011001011001110011101000111010001110100100110110
01001100100010010000101111011100010100001101010110110010001101110100000010001110011001000001011100010101101001011001100010111111
00000110111100000101011111110001000011111011111100101100110011010110000011100111101010110000000111110001111111000001000100011000
00110010100011001001110111100011101011000010101101011001101111011011001111000100001010010011110011011111010010101101101110100001
11100010000001011111101001110001100111100000011000100110110111101010111111001111111000011101111100011010100000101000010110001000
00110001000110010101101001110000000011110011011000111011010010110001000010011101010011001001001110001010001111110111100100001110
00000100001101110111110000100011100001111111111110011000010010100001001101010100110101100101100010010001111100001110111111110011
11000011000000101111000001001111111100110000110111000010101100010011000010000000010101001010000110000010001111110101011100110011
11100111000000111011011011001001100001100100111101000100100010001000110010011101110101110011101101000110101011100010110000001100
10011011011101001110100000110100001001001111001010001101100011000110100100101111101100110100110110100110011100010101101110011100
11011001000100100000011101101111011010011110111100000001010101001111111000110111110001100110100111100011110100001010100001011100
00110110100101111100111100100100011011011110011010100100101001110110000011100001000010101001110000010111101101010101001000100100
10010111100110110000000000011011001110110111001011001101100010011010010010001010001100111101111000100010001100000101000111100010
00111010101101001000101000001011101110110011000101001111110011100100110110010110011011101010100000110000000101000001101011101010
10010100011001000110001111111100101011110000010111110011001110101110101110010011111110111010101011001100000110100100001010001000
00001011001111111110110110000010010011111001101100101101010011100000000101110100100101111000110101110111100111100000011010100111
10010010101011111011100001110011101011000001010001101001000000111111110100010111001110101011110001111111100100000011111001111101
11100011010010011001001000110010101001011100100110100111010110000111011010110000011110111100100011101110000100111010001000110001
11000011001110100100100011111000001000010110111110110101010011010010101111111010000011011100000000100101011010110010001111101111
11100001110010101011111110101001101110011000100111100010001001100001000010000000110010010001110100000010110101111011100111001010
11010100101000000111101101011001001011000001010111010110001111011110100011011010110010011110110100100110100110111100100111101011
10001000001001111010011111111000000001001110110001101010110110010110000000010111000100110000110011001001101010101100100111001001
11111010010000100010001111011000101011101000001010010111010011001110100010001001100110111001011101010010101001001011111100100110
00011100101100010101010111111110011010101001010011000110000101101010110011011001111010101010011000011101011100011001011010000101
10100011001010001011011101001011110101111111110000000110011100101101000101100010010110001011110010011011111011000100011101001000
10001000111011010001011100101011010001101110101000011111011101000101010101110100111000011111000001111111100111110000111001110101
10100100011011000100000001111101100111001010010011010010000001000001101101101100011001000000110001011001100110101100100111110100
10001101101001101000000001101100001011101000101100100000110000011000111110010101101010011101100111000011011000100010001001011011
00001101000000111011000000000011001011111101011001110001111111100000111000101000111001101111000011101101000111010101000101111001
10011110010010101001000000101001011001100011011011000100000000101110001011011010101100010010110100011111110100010111110010101000
00111110100100001000110010000000001011000001101110011001001010010011000110010001111000111010111110010011111101010111101100001011
01100110000100011111011000001111101111100101110110110011111101110101001010011010011001000000111100000011011001101001011110001001
11010110000011101000010001100110111101101111011010101111100101110110000010101000101011001100001001011000011011111110110100011000
00111010010010001110111110100100010100010010000000000000010110111101111001111101011000110000010101101010101011111010111000101101
11001011100110000111011101000100111000011011110100001000011100100000001010101100101110001011001000100111100010111010101010001011
11100010010001101001110001001010000010110000001011011010111000010111011001001110111110100100011100111111100101110000101010110001
00100000110000001001111011111001001111111001010101010100110111100101011010010001001111110110110000001001000110001001110010110001
11001000100100010000110110000110010110001011010111001010010011001001010110001101111001100011010000000101110011010111110111011100
11010000010100001010000011001110010011010111100000100010111011001001001111110010101101100001010100000010010010001110110110100010
00101111111101101111010011110110111011000001001001010111001110110000111000001101001110000101010100001101111011000110100011011111
00001001111011001010101110100001011100110000101011001101010111101101111001111111101010100001101000110000001100101001000110111111
11111100000100010011000011000110010010001001100110110011110001010011000011001110100100001001111101111001100111101110101110011001
00101100100001001010000100101100100011011010011110010010100001001110010010000101111101011000101011110000101111010110100110000000
00001101110010001000001000000101010110000101110001001101000000100100101111110000011100111111110001110010100000110000110101010111
11001100111101011001000010111111010111101000111110000110010010100010010100011111011001110101000010011011001001101001000111110010
11100000101000101010011100010000010100010101011000101000101110101001111000111100101110101110001110010010011110111010000110000111
00110110110010101010011101000110111011011011000010111011110001010010100101100010000111100111001001110000010101000000101000110100
11101110001011100111110111001110101000000010011001010101111011000101100111010110110101110000011011011000110000111000011000001100
10101001100111101001110001011111111001100110000001100101100110100110000010000111100011101010001100010111001000001000100110010101
11010000010111000100001001010111110001001010101100011100111001111101011111011011100101001001110101110110000101100011100011010101
10110001000011101101001101100000110000101101100010001111110011110010011010011000011111111011111000010101010110011110010100010111
01001000010101010011000010000011111000110101110001001000101011000011110000011000111000011001010101110111110110011010000001101101
00010110110100010110001001111011101010100011110111111010110111001111000011011101111010011000010000100111010010110000111011100011
01110001111111010011011001100010000101110001000111111011001111101000111110101000001111011010000000010110000111101111001001010010
10100001100010010001011011000001000000110000100111010110110000011100100111000000010111111111101111011101100100101101110001101100
11001110010101100000000001000010010011000001101111000001010010100001000101101101000101100010010011101100010111111110001001111101
00000010000001011111101011101000000100100100101100110111100100110101011111110111111101010001001111111111111001110100100101001100
01111100111010110100110110111011001001101101000001111001110010100101100111001101011100110010010010100011101001011000011000011101
11010111111001011010110100001111100001111011101010110001000101010000001111100110001011001000010000101111101010101100000100010101
10110011010010111101111111011111101001110101000110001100010110000011000000000000000011111000100101100100110011010101111100010111
01100101101111101010000101111000101010011001000101101000010110011101111011001010011101101011000001001001010111111110010111001100
11101001111101111010001001000110010111101110111000101100010010000111000111111100011110000001111000011011000001011111101101111000
01111001011110100001011000111011100011110110110001000110110001001101100001101001000111110011100001010000000011001000011111111100
01010011011000011101111100101111110000001101010110011000110110100010000000010101001100000110111101100101111000001100010010101001
11000101000001011111111010110001110010010100001111100010011100010111001111111110001101011000101100100101010000010101110111001001
00111000100010101100011111110111000101100100011001011110011001110001100011111000100101010111011000100001010010000000110001010001
10101010001010010100000011101111010011000001101011000011011011011001100110010110010100100100011011100101000110100101000101111010
10110110100101011100110000011100101011111110110100110110000100011101111101000111111101110011101011000110100100110011111100000101
11000100111011011001101110111111100100100001001101100000110000001100011100011010000100110101000010000100001000001000101111000100
11011101110101111100100001101101101001101011100010010100101000111111111111001111000110101001110111001111000110101001011110101010
01101110000010011011001101001111001100110110111101011000001000101010111010110001100011000111011011001111011000111111100001111001
00101011100110000001101000100110100101110111100111100100000011011101010010000110001110000110111111001000000111101001101111001100
00001101011001101111011101011000101111011000001011111000100101011110011000101100101101001010100010010111011010001111110001000010
01001110111000110111101110010111001000001000110111110011000100000101100110111110101111001001001001011011110101000111101011010001
11101010111011000111110001110110011011111010010001011110110001010100000000110011110001010010111011011001011011011101110000010011
10110001001100011010110010111001101010001001000111010011110001000011101111001101001100000011100110010100110001010010000101100010
01010011010110011111101000100001010111100010000111011000100000011101101101111110011001011100100001111100001010011011111001100100
11011010010001010011100011000010111000011100001111110111001110110100011111111011010000101101101101111000110010010000000100001101
10111001100011111011110010110000011110110100110001111110101100010100010000010110010100101001100010000101110001001010100110111111
11001000111100110111011101001110010111101101110111011101100101001011011010101111000111110011011011111010101101001011010110010011
11000010101101100010010001001111000101000011011000000101101010100001011011110000110011100111000001011010100011000010110111100111
11101010111001000110110000110110101010110111100111100100111001001011100110101110000100111001100011100001000110111111111101000101
11100110000010000110000011001110011101110110010001111111110110111011010001100100010010000000010010010001101111110001101000001100
01100000010111110010011101111110010110011100011000111011010111010101110111010000001111001110110101110101100011100111111011101001
11010111100100000001110110010011011010000000001001100111001011011100100101110000011111100100110100101100001011111001001000011010
01110001010001011001011100001110100100001111001111111100101001010101101001110100110010111100110001000101110110000111001110001010
10110101000001101110111101111010011110100111011010011101101111000111111011011011011000100110011011011101101101111101010000101001
11101100101000111101011111111101100101100111000010000111101000001101101001101011111011011010100010000111001010001111100011101110
11011011011100111000010111011001110110000001101101110001101101000001100111001000110100000000001101111001011100111010000110111011
11101100100111111010001100101000101010110110011001001110110101111010110011101011010110111010100001000001100111001000001110011101
11010110011001001100101001000111111000101010011000100111111011100100110000101011100001101110001010101100001101111100101111000000
01000110110111000001011110010010011001010111111010011101010100100011010111011101010100001001000110010010100100001100111001001110
00000001101000111110011010011011001010101001011010001101100001100010110000011001100011110001111101001111110001000000001110011101
11001110000010010100110101011110101100100111101001110111110110110011110111001000010011000001111100000001110110010001101101010100
10101010110010001010001000110110110000011001000001101000110000110011110100110011101000111001110111000101111111001110010111101101
00010100100011001011111101000011111101000011011100000101010011101011010010011111001111111111100110001010010111100011111100100110
11011011011011010011100000000101010101011110010011011001011001000111011011111110001110101100000011011111001100111000101001100001
01010011100000000101100101010111010100010011110111010101101000110000010111011111110111101000110101100110000011100110100101111011
11111100011101000010010011000110001010011101011101001011101000000001100111001001001010110001101100011111110110111111101111000100
00101101001101010011000011100010000010000011111010001100111111001110001011011110110110000101100001101010001101001110111111100001
11011101000110010111010000101111101011010000110000011100011110111011000100101110001110001011010111100111001100111110100000111010
11100001101110001100111101000010011000111011011001001101101011001111011010011000001100011100110001110101011100110000010111100011
00111111000101110100100010111000000000100001001100100001000011010111101000110111000101111110000010000000001010011010111101000011
11111010110110101100000110111101010101100110111100001011101001110001110011111101011011000011010000001011110010001011100000101010
00001110110010110000000111110000000011000011110000000001010111110101000100101100011111100011101110000100100110110100001010101010
00100100100000010010100001000000001101010010110111111011110100011101101110110000111001101010111010000011010101011111101011011101
10011010100100100001001111000000000110000110011101101010011101000110100110001000000000100110011110001110110011100111010001011001
00100011110001110001101001001000111001011010000000011000110101111011111000011011001000001001000110110010001010100100111110001000
01000101100101111101110000010001111100001111000011111100010011010101101001101111111010000000000011001001110010101101011100011101
11111010111000101000111110010001011001010010101000011110100001001000111010100001101001010101100111100000101101011010111100101000
00100110010111101000101000101000110010110001001100000101001110000101001101001010100100011110001000101110110100111000001011100111
01101001101110011010001110101100111101110111110000101110100100001110010100001001001110001111001110010100010110111001101111110110
11011111111110100101011011101000101000001101110011111110000001001010101011000100011111100110001010111001110000001000111000100010
01000101010100111010110110010111101111011110100100011111011101010111100100000011011101100100011010011110010010101001001000100010
11011101100111001110100111010100101111001100010111000000001110011011110100111101011010000111100101101101000000110011110101100000
00100001111100110100101100110101101100101011010111110001110101101011110010010101100111110000111001000000001011110110011010001100
10001010110011111010111111011100111000111111011011110000001101000110000110000100101100010010110101010110110001110011111100000111
11010001000000000001010001001010010110000110011010010011111111001101101100001010010000110011101010000001000110011110111111100100
01101010010000100011101011111000111110100110101011001101011101001111111111101101011101101000000100110001010010101011011100000110
10001000010101010000011011110101001100010010111101100101100011101011110110001001110000101100001110100001100110111110000011011001
11010111001111011010110110011101110011000100110010000111111000010010101011101011111101000110111110000011100000111010110010111010
00101110010110011011011011010101000000111001101101110011001010011100011001100101110110101111100001000100001011110111100010000110
11110001111110010100000100010100001000101111010100100001101110110010000100101000110010000111110100101010110000101111101101011001
00011111010100100001011111101010010100001010000111010010110101000111010100101011000100011110011000100101101101000011111010000001
10011100010100001111001111000001100101000011011111111111001001010111101001011110010001001101011011010101101110000110000011101001
00001100100000000001100100111100110010010000111011101111101001110110001110011111100110001100101110111111101111010101100000110110
10010010010001010100010110111110100110011000110111010100101010010000011001110011111010100000110100010011100110111101011010110001
00010000001001111110001010101000110100111100100100010010011101111111001111100111000110101110111101110110100011101101101111101110
01100100110111101010101001011000000010111111100001111100010101111100100110001111100010011001101110000010110110001110111101001110
01101011011110101101010111000000111100010011111010011001000001100100101111001011101000010110110010101010000001100110100010010000
11100111101110111110001011010111000000111010000000100010000000010011110110110110101010101100101000011111011111010011111100110111
10110101010100111111100000001100110111100001110011010100001000010110100110100010000001000110001011001001011110110111010011001011
00000010101011000110010101010100111100110100010001001001011100100010101111001011011101011101100100101100110001011100110010111011
00011010010011001100110100111110010001000111000010110101000011010000110011110001110000000100111110111001011110010010110011110110
11100111111000111101001000010111100001111110111001001000001010010101110011101110010101000000100010111000110001000111011000010100
11011010000100111010101001100110000111000010000100101001101110111110000011101001000110101010100000001110000101011010111001111000
10000101100000101001011000010010001011011000101001100101111011110101010000011000001010111111000110100110001001101111110100100100
10011101110011001010100101001101101011011010011111100110011011011111000010001101101110111001010010011111001100011110001010111001
10110001001100111000010011011000100111011110001110100011011100111110100011000001000110111110011100111100011001010110001011100110
01110000010000011001001001111011011010001100010000101010001101011001000011100000010101111110001110011001101101111100010111011101
00001101111100011000000010111101101101110000001111110010111011010001100010011101111100001011011001100100001000101110101001111111
11000000110010101110011101000000101010001100010000100100110010001000111111011010110011010010101101010101100100110110101010100101
10001101111100110010111010110010111110000000100100011010111011000100100101001100111100000010110110010110001111111101111001011001
11000011011011110111100011001000001110111011001011000001100011111111011011011100101101000001011001011011000001010011011000101001
10101011000000010011010101001100001010100000110000000000101001011011010000110101000111011110101100101111100101000100110100100111
11110010011010000000100100000010011100110101010011010011100010111000010011111100000001001010110001101010110001100001110010110110
01001010100100100010101000101100010101001001111100111111011000101001001101111010101010101000011100110101111001111111100010110000
11111011110111110110110111000100010001011100010100011000001011111101101011010110111001101010101110111110111010001110011101011111
11000110101011010110011101010011011000011011110101000110110011000000011001101110000000110000000010001110000011011000111011000011
00110000001100000011101010011001000011110100000001011000010110110000011001101101100000110110110101000100110010000000110101110111
00011101110110110000101101100111110100000011010000110000011110110011110011011100010100100111001011001110000001110011100001111111
01000001010000011001110101111110000110110001111100110011110011111001111101001000000000001110001001100011101011100110101001111111
00111101110111001010000110101001001011010101001110101000100110101101100100101010010001011011000000010110101001100100111111100011
11111111100110010100001010111100111000000100111000100001100110101001001010111100111001011101100101011010011000110111100100110001
11000111000011000010000111001110010000010111011010101001110100001111111010010101001110111110001100110010001100101010010010110010
10001110111111111011110000110011000110010000111000011100010101100000011110101011101000011101001101111110010000000001100000111111
10110011011000000110101000011011111011001110001001111001010001000110100011100110110001000101011100001001000101110101111110010100
10111010001110111100001101000011100111000011000000111001100111101101111101010001000011100010101010111100111011010000010001010011
00101000100000000111000001101111000001110111010100011100011011101100100000001111001111110011010101000010011100011110010001010000
11101000100000100000101000111001110111111100100000011000100001100100100001111011001111010111110010011011100000010110010000010100
00000110001110110110011110101000111100001111110000111001010100111000100100011110100100110000100111011100110100001011001111001010
01000101101001011100110001100010000100010011010000001010101111110000110111001000110001110011011001011000011100011100100011010111
10111010010101010000100111010011010101110001100100100010111011101010110100001001000001110010111101000010011111100111010100011011
01101101111011010011111011001111101110100101011111100001011011001111010011000000100100111010011001111101111111111111011100111101
11111000111101101011011101001100100010100111110000100100110000101000011110010011001110110100000010101111110111001111001000001011
01011111101010110011011001011110000100011000101101000100011101110011010111110000010100011000000111110101111001111010010101011101
11000110100101111101100100001010100011001100110000000101100111011100111110010110111101011100101010100010100011001011111010110101
00000000110001001111001100000010101010001101100110000001100011101010010010100001001000000101001011011000100010101111101110010101
11110100001100101111111111001001000110011010011111011000101001100000010001100101000101100101000010110100010100101100011101100110
00111010000011111110100010001100110001111001011100010110110000100101100011010001011011001000101000100101011110111100010111110100
00000010010000101010001011010100111011001110111000111110111101000111101110111110010101011100000000110001111110001101110001111110
01100111110110000001010010100000101011100011101010110100000011111100100100101100100101100000101001000010110101010011110100010101
01001011001000000010100011000110111010111011000101010101000110001010011010011010000100111111100110001111000000110111111101010100
01011111110110000111100000101101101101101000000111100111111100100011111010100001000000001011111001011110001010010010100111110111
00111001111011010000000001001101110100111111001100111000100110011011111101101111010100010111111010010110111011000101010100100100
00110010011111011011100100011001010011100110001011000111011101011001111011000110000010001001100010000110110010101111000000001110
10110001010000010100100001101000101010100100110001000000010110001011011001001000001011001001011110011100100100110010100101010011
01001001100000001101111010001111001011100101000100001011001110101110010011001011100110001110000111100001010010011110101011010111
10101100011111010100001011111101100100110010001010101110101001000000010101111000111111010010001011101011010000110010011011100100
01100010010001000110001011111011001000000101101011101111110111100011100110111010100110001011011100010000110101001100001011011111
01011000110000111101011010101000100011001000100110000001001000110010001111111111011111110010001101000011011010110110010110001001
10100110000110100110010110100001110001000000011101010001010001011110111010001011000000000000011101110110001100111101001010111100
11010100010001110001001010001100000001000000000111110111001101000111000001011011110000011011110111101101110000000000101011100101
01010011001110001000110000101010100100111111011010001000001010010100101000000101000000101001010000011110001010010001101101100011
01110110101001000110111001100111101011110100001010001000111010101100100001000101101000001100010111101111101001011010101111010100
11100100110101001101100010001100001000011000011011100101010100100110000110100100000001111111101110100111111000100111000111001000
11011100010010010000010000110010010101111111010010110000001011111010000001001110101000010000100111111110111110010101000101010101
01011100100110011101001001100000111101110101101101111011111010001010111001101000011010000010100110100001001110100001100000111101
01100001100101011001100011011000100100100110001010000010010001111110101001011101101110101010001101101111111101100011000111010010
11011000100110000110100000101010110111001101100011001101000011101001011011010010010000000010101010111000101101101010010100011100
01100011101101101011011001000010110010011101010011000010111011011011110000000101100110010101000000100001010010111011111000110101
01101111001111011111101011111011010100101010000000110001111100000010100000010001111000110010001000011111101000010010011011001001
11110110011101110100100101100000000010011001001011110001111001101010000000111100111111101001110100011110111100011111111000110001
10010110111011100101001011101000111100010100110000101110001111100101110010011001110101100010101010010011011000110000011011111001
10010100111001010100011011110001010111100000100100000111100110100101011011000011101100101011111001111000010001110011011000000000
11101000111000100011010010000111011101111001111011001000010011101010100111010101110111011001001111011010100010011010001000011011
10001001011111101101010000110001010110110101110001010011101001010011010100010000111101110110110101110011000011010101110010110010
01100101000011000001001100001010111010111000010101000001011010110001001000110010100011010101100001100101110100100001100101011010
10010110011101001100000010011100110110000001100000110011110100000100110111101111101100100010000010010000010011000010111011011110
01011011010101100111010110110111011000110101110000101001110100100000101001011100011001011001010010100100010001100000111100010100
10000000110110110100101000100001111100100011001011000001011100010010110010001010110100000010101001011101011101001110100010111001
01001111000101001011011111000101011100110110000110011101010100110100000100110111100101010000000010101010100000001110111101100101
00011110100011000111100100010101101110010111010001010110001000100010110111100110101001111100101001000111011100010011001110010110
01111111000010000011010010001111000010001010100000111001011111000010111001100000000011110101101011000111100001110111010101111001
10000101000000101000111111001010110000111000000011101110100111011010010011001101111111110010100010011010001100000111001111000110
01001111001000010100011101110011000011000111000111110100000011010111110001100000010000010101010011101001101100000100101110101000
01110111110001011000111000110010010010000001011110011000100010111010011111010111001011000011001011111111110001001011101101001101
01001010000011111001001100001010110110111000000101011000001000110001010000101001001011101001101010011100111010110100110100011010
10110010000010001100011010101000111000001110110101011111010000011110000010011010101101011111010110000011001011101000000111000101
10011100001101100001010100010000001000010011011111111100101010010000100010101101000111011010111010101001111010001110011001110000
00001010110001011011101001111100001100100111110100100010000110101110110100101010011101011101011001110110011010001000100111011100
00001011010100000111000110010100011101010100001011011100100111010100010001110011110011010111111001100011101001111000100001100101
11111110101100000110101101001010100111011001010011110110100001011011100100101001110110010001100100100010101010111111111000111011
00110100110111111000111011110100111101010000011001111011111101011100111001110011001100011101011111001100110111111001110011110001
01101010011010111100000010000011011111000110011001001011111011100100000000010101001011111001111100110011101011111001101110100001
10011011110100110110111101010101101110001001110101001010011000100110110111000100000110111000111010000111110110011011110000001100
00001000011100001111111000110010111111000000110111101010010100101110010111011100000111001000101111001100101111110000001011111000
01111101100001000100110111110111011010000111011000011110011101101010101101110010011001110010100001010110100001001111100110111011
01000000011111110101101010000001011101000101111100111011100110110010011011100011111010100010011101110001000000100000001000001100
00111000110000111011100001101001111010001001110000110110001111101001000001110101110001000000100111111111110010011110110110110111
10010010110100000000111000100010010100001110101111001100101001110111011010000011010001100000111000001001110101011000011001000100
10010000000100100101010000010000101101111110110011111000001000101111011000011110011011100011011110000101011111011010100011010001
11010101111111001011100000010001001001101101100000111110101110000001011111110100001001110111111100111000000111110101001010000001
00010111010110111000011101000010110011001110010011001001010110000010001011110000100001101000000010110011100101011111010001111001
00101111110000000010000101101101000001111010110001111001111101001100010111101110001010000000011001001100100011001111000100001111
10001100111100111110110001001101101110100000111010110010000101010100101010100000000011011111011100011010001011100011110001100100
11001011110010001010110110110111101111111011100000100101001100000110001110001011100111001101110100001101011101111111111000010010
10110100111011000011101110111110000010101110110010011100111101011010100110101010100111111011111000000111011010000000001010000100
10101101100110011101000110101111100100011011110110010100010101101110111000011100001100011000100011101000100111111111111000111100
11000100101100101000101011010100101100101000011101010011010100111000111010101111000001110001110101100100100011011000100010010011
00010001101110011111011001000011110111110010001011110000001001000000010100101111100100111001010001100000001111110101001101111100
01011101011100110001100111000111101011011010011010101111111011100100010001110100011001111000011101110010000001000001111111011010
00111100010001010110111001101111101001001111001010101110010110011110110101111001011000101011001010110100001111000110101111111001
11101110110110111011111100001010001111100100110000111000000111000111010010001010000001011001000011100001000000010100110100100111
10110010110000010011010100011100010100100011010010011000110110000010110110011100011000000011110000110011011111111001100010001001
01001110100110000011010110011100111110011000000011010010101101111010000111000100010010110000101001100100101111010111010010111011
01110010111010010001111111011100100110100100011011100110011110100100010100000001110101111110100011001011110001000110001010110101
11000011111111010101011100101101101110110001101010000101000110101001100001010000110000111001110111000111011110000101010111000111
01000101011111111000110010100001100101111011010101011110110111001110011000011000111011101111011001111001111110000001110011010011
11111001011111001011010011001001101010011101011110111110001101000111100000001111100101111111010011101001111101010100100101110100
10100100000100000110001001101110110110001001000110110100000010110000001111111001011001000011101011011000110011111100001110000001
01110001110001001011001001000110110000111001001010111110001111000000010100101000101101011110001001111111100010011001000110101000
10000010010100000111100010010110100010001111000010000110001110111000100000000100111101001111001001001000001111000000101010111011
11001101010110110110111110111111011111110011100101001001000101101000110001011100110111000101001101011000010101111010000101000111
01010001110111100010101001110010111010001000010011001101011110011001110110110010110001110101011001101111111010111100110110011101
10100100010100101010000110011011111001110010110000100100001011101010110101100111110000110010010001001010000100011001000011010001
10011001001000100001111001101101010111100101101111111110010111111111001111110110001100111110101101111100000010000000101101000101
10100011101010001010111101011001011110001010100000011001110101111111000100100111011100110101011001001101101000010111100000001010
01011001111101000010101101101001010101011110101110011111010011010111111010110100100110000000010100000010000111101111101001101001
00000111111101111101111010011101011011101010111111010110010011011111001110001011111001000110001011110001010010011000010111001011
01110001001000100101000011011101101010101000011001101010011001010000001111011001010000110110001011011101111001011101110001010110
00001000110111111010101000001110100101000010111001100001100101001111111001111000101011001010000011100100001100001010110001001010
00010111010111101011110010000000001110110100110110000110010100010011011001011110011101111000000000010110110110110110011010100100
10001001001101100110000001000111011100011010110011000000000101001011100101010111110011000110000101000010011000100101000101100000
01010100110111100100000011000000100000000000111001110011010100101010110110010011001110010100100010011000101011101000111111111000
00111101100111110101010001001101000110010001110000000010011011110000001101001111111100010100110011100010100000111101110000010100
11100101010001110111110111110111011110110000011101011000000010010011100111110101110110000001100101010111010110000101011000100000
11110111011010100111111110000000000011111110100010001111000001100100111011000110001111110101100000001000111001000001110001011000
11001111100111000100000011101111010000110100000110011101111100100000111111010100110011101000101000100011111001011101100110101100
01001110111001001101111000010001111111110000001001010001001010111100000000100011011111110000001000100000100100110111110111010010
11011111001011100111001011001100110001000111011001110100111000000100001100011001111101001110000111110011111010001000101010100000
00101111001100001011110010101101110100100101011101101111100011001100010010011101011001011101001001000111110111111001100101111110
01100101000101111100010001111110101111000111111100000100110011110000001000011101100010001000100101000101000100110001110011110001
01000001100000110100110010010110110001001111000001110001000110001111110000000101111111001100000110111111110010100001000001100100
10111110100000101100101100101110001010110110011101110110100100111111101010011011100010111010101100010011100100110001010100000100
10000010111100111011110111010001101001001001001010011111111110000001101111101011111110110100101100011011111000100011111100010110
11000101111101001111111000100110100010110011001011001101001001011010111001010110001001011101001011010000010110111010110000001111
01100000000100111010110000011010011101100101010001010101110010100100010100111111010000110001111010010100001101011001110011001011
00100001100100110010010111100100100011000110100000101111101110100010001101000011111110111111101100011101001011110001011000111011
10111010000011110001110101001000011000111110101000011100110001100011111110000001010100001011001101011101001101010111010011011101
01100000111011011101010000001000100111110100010000101000111101111010010110010101100111101011101001010001011100110110001010000101
11011010111111101010010001101000111001101100110111001100111011111110010011010000111001110011100000011001110100111101011100001001
01110010011111101110111111100001000010110110110011111011111000011110101110100001100110010011011100010000100010100101010011111111
11101000000011100110101100010100011100110011101110100110111110000110010011100101011010001111100100111011011010100100010001011011
11101000011011011000001010011011011100001000111000000000000000000101000011010101011011000111101011000100001101101010101001101001
00010110010110011110111111110011001001000101001110000111111110011111011001001110001100101011011100001000100010110101010110000000
01111101101010111110010100110010111011100111001100011001110101010000100101110110111001000110110111001010100010110011000111100001
10110000001011110110111111010111101101100111011101110111100110111111110000001101000011111011110010011101110100011110101001001001
01100101110011000111010000101011100100110101110111000100000011001010000011100101010001110111101111000110001111001011000111100001
11111110010111011000000110011111001001111111010000110001111110100111010100011000011000001001001000011111001011010101001000000100
10100101001110001000001101001000000011000000001100010011010000111110010100010000000010100100101011111110001000111001110111000100
10100101110101100100101111100111101110110000010001000110001001010001010111100000101110111101011110111100000100101000010110110110
01000110000101111000100100010111111111100010000101101100010001001110011010010000011011010110100100000101101000000101100111110100
11101101110001000111101000101101100111010110011100111101101101101000011011101010000111110010011010010010101001100101100110000100
01011000110111100001110111101101101100010101011101000001101000101111110100101101000010100100111101011111101110001111101101010100
00110000001011110101101111011110000010100110101000000001000101011110101000111101011010100111110101111010000111101110000100011111
01111001000010110010000110001011001000100001100000101111111111101101110100111011101101001110111000111110111010111100001111101110
00011000101111100010100101010011100010000001001100011011111110011010011111101011100101010100110101100110111010110101001001000101
00111011010010010000110110001110010001111011111000101101101100001110011010110100011000111000011001111000101000011110000111101001
01100110000101101101101001100111100101011110001111100101001100110011000011011000100011111000010111000001111110000000100000101101
00101101010000101100001010010101011110100001000010010000010001111110011011011100111000111100101010000011111011110011101111000101
00000010010000111001111001001010100100010001000000001000010111101100111000001100001001101111011101110000001001111111100011010011
11001011011010001101110110000110110101001001111111000001111101101110111100110110001011010000000100100000000000111011010111111100
01000001011010010000101101001100011111110110100100010101001111101100111101110000010000000111001011011001100101000001010010000011
10010000100111000000010011100010010010101111010011101010010100100101110001010101111000011010000010010110010100001001001000000001
11011101101001100010111000100000100100110010010110111101110111101110011001110100000101010111101011111100101110110001000110110111
11010001100010010001010110011110010110011000000011011101110111100111001110111001011010010000000100100010110011011100010111101111
10001010111111101000101100101110101110010101000011011100011001111010001111010111010001010101010011100110100001000011101111011001
10000111010100011011010100100110001001011011100001010010111100111010100110100101110100010000101001101101100000110000001100111111
01100001001010110011010010111101111001100110001000000011001000110000011110011011101000111111111000100011100010111010100001100000
01000110011000111010011100100110010011010010110111010111000011011000110101110001110001110001111101001000111011000101100001111100
01000000011001100010101101111011101110000000010001110000000001000010100000100101101001111111100000010110111110100110011100011110
01001010000101100010111110010000111110110010001100100010011100011000111110101111010010101010101001001011110100111100100100010010
01011111101110001010010000101100100000000110111011111101010100101111111101111110110010010110100001010100100110010011000100010100
10100010101101000110101001000111001101011011111110100001000110101111010000001111011000001111100000011010010000000000001111100001
00110100111110000100010011111011101011001011000001111010010111110111010000111010000111010011111100001010100101000011011001001100
11101101001000111000011101000000101100110010001000110100011011011100000100100101010011010111000010001010110010010101110000101001
01111100011100001100111110101000011010100100011110010001000100000100100101110111010010010010111111011101110111100001100000100101
01101000001011101101001101100101111011110110100110001001111010100001100111000010101101101110110010001100100001011010110110011101
10100000111001100101100101000110101011111101011010110100001111101111010110110000000010100101000110010101010011001010110111100110
10000001101111110011100101011111001001010100110100110110000010110100100011000010001001001111100011110100001111101101101001111011
01001100000101101010011110010111010100111100111111010111110101011110010110001000011000100100011110111001101100110100111011011011
00111101001011111000110100000000000000111001101000000010101001011001101101000100000110000000100001101101101110010111110000010110
00110110001011010001101001000101001111011010111001100100010100100010001000111101001011110111000000101101001010111110011000100101
00010001101000011010111100111101010010011111010001110001000100101101110000010010000010001110101000001010000011110101110011100001
01101001100000101010000100101000010101100101111000101000000011110011111001101101010001101010010011000101100010001101010010010011
11111110100000000111111101111001001111111011101000100100011000110010000011101101101000000100011001001111011111110111011011111000
11011010100000101111111110010010111011101010111100011001111110010011100101011111010010001101010111111100010111111111010010001100
01010001111010010100101101101000110001110100100111000110101001100110000100111011101111100010000000111001000001000011111100110001
10110001001011011101010010011110101000000100001000000111110000111101100010011000111110000000010010101000001100011101100000001100
11111001111101101101110011110000110011011111110001000111110011011011000101010010101001011100011101101000001011101011100111101011
01111000110111111111100001010100101101001100010010000011000100110000000000111001110001010000011010101100100010011100101100011110
01011000001100000111000010110111000101111010101110100110001000101111100001111001111011101001101111101101000110100000000100100010
11000111010000000111001011110001000100110001010011101100100110001111101110010101110100011011110111110111111011010110100001010000
10101010010101010000111001011011000110110100100000001111011100001101110010010101010011101110000011000111011011101010010011100001
11110011111011010111001010010000110110101011001110101110111000111000111100011011000011011101001010010001100111000000100011000111
01110101010011010011100110110001111011011010011101011100100011001000011101100100011010100100010000100010001010001111011001000001
01110010000101011111110110000111010010000111011111100001010110101110101001110111000100110111101111100111001111100010011001111001
10111000001101000010000111101001011101001111000010001101011001110010111000110001000101011010111101110011000111101100001100001101
00001001111011000100010101011111011100110011001001001000110000111101000010010010010010110010000001001011011101100010111101110110
01010001001111011011001000001001100010111011100101110001111001111110011000010011011100110101110011100100100010111111110100001100
00101000000110001011111001000001111110101001111111000110101110111010011100011000110011110101110010101100111100100001101111110100
10100010000100111010000101001000110000111100100110010011111001111000100101111010100101010110101100000111010111001001110101111111
01010100101010000111111101000100000101010101011011111101110001101100010111010100110001100011110111011001100001011011110100101110
00101000010000011110000110001001110011111000110000011010010101110100001101001001011101000011101100001010011100101011101100000000
11100001011100011111010100100010000000011101010100111001111110111011010010000010100010110001101111001100011110010101110100110011
11000011111100111010101100001110110110110110100011111101000000111111010111001110010011100010111001001110011001101011011010101011
00100010101001111100110110001010111100101111011001001001001010100010110101000110111101111011000010101010101111010001110110101101
01100010100011111010010101100000110010100100001011111101011001010001011000111010110011111101000000010110010101110000100110111010
10100000110111010011111000111100000111001010110111111101100000110101100011111110000000110001111100011000011000110000010010101111
00111101011011001101101100111101001100000110100111000111111010110001111101100111111010100100010100010110011101000010011100110100
01011111101001110010000111011011101110010011011011011110001101001101010011010011000010101101011111010111111110111011110111001111
11111111110111000110010110101101010100100011110101101011001011110100001101011000100000011000101110111100101110110000011000100011
11000100110101011000100101010110000011000010001011100110111010100101001000010000100110101001101010000000000101101001111111110100
01011111010111011100001110011100111101101111010101110100001100110101010111100001101100010111111011001101000001111011110110011000
10001110010100000000110101100010001001001001000001110111000110100001100101100011110011000001010111101100111101000110101111110000
00000101101001100000111001000100110100001111111100001110011001111001001000111111100101000111100110011000000000011001011011011010
01000001000110000110111001011011100010001110011100001110001010001111010100110000110111011111110100001101001010110001000000011100
00100100100011000001111100011110011110010100101000010101100010110000010000001001110100011010011101011111100000010000010100101101
00010010001101010001000001110000011110010010100011110001000010010000011110111110011000101101011111111110110011000100010111001011
11000111001010101000111011001010000001101010000101100001111010100001100000110111110111000101011001100011010100000001111111001100
00100100001011110011100100101101110010111110001100011100100110000111011000101111101101111110011110100100001011111001111000011101
10000111001001100000000001110111100110010001010110011001111100000110110000101000110100111010111000111110000000100011110111100001
01011001001101000111000011100111001110010001101100010011111001011010000011100010001010000111011110010000011100010001101010101011
11101111010100010100101000001000101000100010011100011100011001100101000111110011001110111110011100111001110111101100100110011011
10110000101110110000111101111101110001001110100011001110011001100011111100000010010010111001011111000101101011111010100110100000
11100111101101000000110010110000110000010001100010011101100111010101001000100001010010101000001111110110001011110101001111010000
11010001111101011110000010011111011101010001000111101110011101101111011011100101110000000100001001110101101101010100010110111110
00000011011000110001011100000000000111001001101000011000100010011101110001101111001011100000011100000000111101110111000001011011
10000011010100010111101110100110001111111011101111110011100111001101100100011101011011101111001011111010011101110001101100010010
10101101111110111111010111110111101101111101100001000000001110000001011110010101101110000011101111000110000101001101111100101110
00000000011000101111011110001111100110010010111100011111111011111100111010011001001010111101100000011011111000110111011111000010
11010000001110110100000000111100111001100111100000111000001000111110010011101010011110111100011101100011010011000001001111110101
10111000101011010110101110011010111110011011011110111010111011011011010011111011011010100111000010000111011000010011001010010010
11110110010111001111110010000111010001000010101111010001001101100000111111010001011110110110011001101101101101111101100011100011
01010010000100101110101010101111000110011100100011011000111001100100100011101001011011101111101111000110000010010001000100001111
10010011010000111011111000100000001110101101111110011111010110010011110100010000110010000001100010010000110111001111111110110111
10011110000000100101001101101101100101010010001101110001101101010110100010001010010000111101101101011110110110110010111111111110
11100011100010010100100110110100000111111001001111101010110001001100010011010101011101001111000001101010100010111011010111110111
01100110101111110101010110001110111001000000111110111010110101000010101110111111100011010110001110111110000110000000101111101100
11000110111001000101010011101111000000000101111001001001110110101011011110010000101100011001110010010111110110011101011111010101
00001111100101100011111101000100100000001100011101011101100110001101001111000100100111111111010011111110011110101000001100011111
10010001111101000000010001111110000011111100001100010011100101000011001011000000110100111100111100101100110110010100110110010111
10111001110010001101111110011000100000111001111100101000110101110000011011001011111100100110001011111110010100000111011000111101
00110111110010010110110001111110101110010000111111111111001110111011101101110100111110011001010010000101001100101100101001111001
00111111010111010101100011011010000110011011000000011001110111011110001100010101111001001001000110000111101001010000000110010011
10111110001110100110110001011101010000010000111011000111000100001000100100110010010001100100000100000000010110101111000111100111
00000010000110010001101000010100001101110110101101011100101100111001110011110110101111111011001111000010010001101100110001000111
00101110001101100011010101001000010011001100100001001110110110101001000100101101010011000000011011000010010101111110001010011110
00001111111000011101010100111011100111110011001000000011010001100000111101011010110001110011101001001101011100001011101110010001
10101110000000000000111001001001100110101100100001101110011011000010001100000010011010111000100111110101111001100011100000110100
00011001010110011110111001111001001110011110011111001110111110111011011110111011011110100110111111110101001011101001011010111010
10100000111111110110110010010001100010001100000110100011000100011110000101010100011001001100010110101111010111101110110010111110
00101100001000111001011111011111010010010011101110100011111111000001000011100100110110000011100101111110001011100101110111101010
00000000110010100101111111001111110000010110001001010100111111001100111010011101001110110010000111110111111010101001110000100010
11110011001101111100010011010010010010111100010100100100000100110111111010111000111011100111001100111110101001110100110101001111
10010010011101101100101101011000100001100110010111000000111010001110010101101010111100100101001011010111111110001010010100010100
01111011000100001001110000001000010100001010100111110110110110001100101000100000000000110111011010000010000100000110111010001101
11000011010011110110111010011011011111011001001000100111101001110100101100101111000010100110101010110001100111001010101101011011
11010101111010010000110100101010011001101111000101000110010011000010001100110111011101100000010110111101010001111010110110101001
10111110011110111011000110001010111110100100111110010100101100001111000011001000100000000000111100101100001101100101110110110101
00100000100101001010001000010001000000000110001100100101001001011110111101111010100010000001001111000110100011101110111110011101
11100010111011101000100001000100000111110011010000001110110100000001001100001000101111010100101110100110011000010100110111001011
11010011111011100011001010100010001100000000110011010101111000010110010111111010101101110101010000000101000110111011100101111101
01000001110100000101001111001000010100101111000000100001101110010110100010100101010011011110000010010010100101111001101111100100
11110011100011001011011100000111100110000101001011101001100000111100010011111011011110000000001110110010001011010010101001001000
01111010101110100101100000110110011001101011001010010111011010010100011100000111010100101011111101101000111010011011010001010001
00001010011100111000010011001001100010011110010010110100000010101010100100001011011011111000011011011100111011101100100011110110
01010101101011100101000111010100000010100001011110000000000001100100010001100000010010110111101011111001111110001100011000010001
11000111011110100110011100101100000001011110011100001110001100001111110000110101100110101101000110100111101010011101100110111001
00011100101010111011110000110011111000001111100001100100111010100010001000001010011001110011110000010011011110000100001000010101
00110110010000001000111110101101101011100011101011001001101000101011110010111101110100101100001001000010110010111101111100110111
11101111100111001000000101110000101000001001011111100100110010011100001000110101111000000101000101010111111100000110011010001011
01010010001010001101100100111010011000011101001111111100011000001111000010110100001011010010110010010111110100101101011110101100
01100010100110000010010010110100100010101100011100010110010100110100110110000111011011011101101101010001011111100111001101101111
01011010000110111010100111001011010011101101000110011101010011100110101001010000001001010000100011110101111001001101111100011110
00111100110100001101011100000101100101010100011101100011011000100001000001100110000001000100000110101101000111000100101110100001
00111111011010111010011110110000001000111000101010000100111010110011111010011000001110110110000000000111010001101111000000111000
11101100100100100111100110110010001101101110100110010011000000101101100001110000011001110011010100010011011110101000100001011110
11010110011000011110101010000011011111000101101111110101010001100110010010010100000110011111100001000011000001000111010110110101
00001011100110011001001011011011111110010100101000000011000001100000010010000010110011010111101111011100101001111000001110100000
01100000100101011101010100001101100100111100110011101011010000011000110001011000101010101111000001101110010111111001111100001000
01001000001010010011001011000010111110110111111111010100101000010000101010001011011111110101101011010110100111101101000111001000
11110001001110100110111110100110110101110111100101001000110111100001111111110000011101001011111110101010100110101111111101010100
00001000111000011000101101101001100101000101001110100100101000101000000000110011111111111010101001111111100101000101110001000000
11000111001000011001010001101101010101101100101101000000010100111000101000010110011110000001000101110111101100010100110101111111
11010011111000010010000110101101111001101011001101100111011111001010100111101111010101011011011110110111011000111000011100001110
01100011001011110100011011101111100110111011100101101011110100110111100010011000010010100000001100000101111100011111000110110011
00000100000110001010011111000100000000100101111110100000111101111011011100011110111011010000101100110010101110000110001100000001
00000000110110001110101011011100110101110111000101111110000101001101010000100000100111101101001011010111110110110111010010010011
00000111100110101010110000001011111100111101001001111110101100001010011100111000111001101000111101001000111011001100011110001101
11110001101010000010010010110111111100100010001010010110110010111011011100110001111010011001110110000001010011110111010100111010
10010010100000110010101001111011100111101011110110001110100110110000000101000000111000110010110001100100001010110101010010000101
11100001001001011000010001110101100111011000010100110110111010011001101100100000111010110000010011011001000000101101110110010011
01000010111010110110011110110100010011011111011110110111100101011110110111100000011110001100110000001111101010110111100101111111
00011111011010011010111110000110001110001100000101100000110011100110000010110110011010110001110000011001110000100110100000001110
01100101000110000100100001001000100100000100100000011010110100100001010100100111110000100101110001001101100100110010100110111100
01110111100011011111110011100100000101001101000100011011111000110101010000011000000101000111110100010010100111000000110101000111
10001100001110110110111110100111110011001010110010010111111001001110110010100000111110111001100111101111001011101001000011011000
01110100001001001110100011111101011101100010100110001100010101111110100100101010110001000000011011011000101111100010111010110110
01110001010100000011110110010011011100111111101011000001101101101100100100100010010010001100001111001001111100010100000011000111
11101110101001001001101011100100010011011110111010000011011101111110110100011011000011100001000000110000111010001000111011101111
01000001001101000110000001101010011101100000010001011110000011101101000000010110001110011111000000010100010110110011001000001000
11011010110010111001000100111111010101001101100111010000111111000100101111001100010011110101110110110000110101100010010001011100
01001000000011111110000111110101010001010011100011011000000110100001011111011101011101000010101100110111111110111000010111101010
10011011000110111101010011000100011011001101110011011101100010101101001010111101000000101110110111001000100101110111110111011000
11100111100011011010010111101010100011100010000110011010111101011110000011100111011110101111110100011001010100100001111110100010
01100001101011110101111001111111000001101111111011100111101101111011001111111000000011101101111011101010001111001010110000101000
10100100001010010111000010111101100101010011011110111010011001010010000101110001110011011100001110100001000111011000001011110110
11111001101001000010011100001101001001110110111001000110010101011110011101001010010000111000110110100011000111001100000010111101
11110000111011011111111010110100011000100110111000111000000011101110110110010110011010100110001000001110111001101000010010110000
