0100101001100111100110000000000000000000000000000000000000000000
0000100110101111001100000000000000000000000000000000000000000000
0011100100110001100100000000000000000000000000000000000000000000
0110110001100010110100000000000000000000000000000000000000000000
0011110001000001011011000000000000000000000000000000000000000000
0010100110100000100011000000000000000000000000000000000000000000
0111101110010101010000000000000000000000000000000000000000000000
0111111111001010110001000000000000000000000000000000000000000000
0011001110111000000101000000000000000000000000000000000000000000
0101011001111001111010000000000000000000000000000000000000000000
0110000010000011010101000000000000000000000000000000000000000000
0001001011001101100110000000000000000000000000000000000000000000
1000000110001010000000000000000000000000000000000000000000000000
0001010110101000010111000000000000000000000000000000000000000000
0001011010010110100000000000000000000000000000000000000000000000
0010101011010000011010000000000000000000000000000000000000000000
0101111100000000100100000000000000000000000000000000000000000000
0011111111100101010001000000000000000000000000000000000000000000
0100101000011111101001000000000000000000000000000000000000000000
0111010111000110000111000000000000000000000000000000000000000000
0100110010110000001010000000000000000000000000000000000000000000
0000110101110011001010000000000000000000000000000000000000000000
0010001000111100101110000000000000000000000000000000000000000000
0100001000010110101111000000000000000000000000000000000000000000
1000001011011101101010000000000000000000000000000000000000000000
0110100001101110101111000000000000000000000000000000000000000000
0010010011011010011010000000000000000000000000000000000000000000
0000011111111000111110000000000000000000000000000000000000000000
0101000010111101100010000000000000000000000000000000000000000000
0110100110001011110000000000000000000000000000000000000000000000
0000001011011111100001000000000000000000000000000000000000000000
0100001100000001010001000000000000000000000000000000000000000000
0111110111010001010110000000000000000000000000000000000000000000
0000011101111101111010000000000000000000000000000000000000000000
0110010111110001011011000000000000000000000000000000000000000000
0101111011110110000101000000000000000000000000000000000000000000
0100000011101111011111000000000000000000000000000000000000000000
0011100001001111000010000000000000000000000000000000000000000000
0000011001001000000111000000000000000000000000000000000000000000
0010001000110110101100000000000000000000000000000000000000000000
0011110101110111111011000000000000000000000000000000000000000000
0100110011111000101011000000000000000000000000000000000000000000
0001110001001101001011000000000000000000000000000000000000000000
0110000010110100001011000000000000000000000000000000000000000000
0010100101010010011110000000000000000000000000000000000000000000
0100110110110100110011000000000000000000000000000000000000000000
0101010011001111010100000000000000000000000000000000000000000000
0101111111111000000011000000000000000000000000000000000000000000
0101010110011100110001000000000000000000000000000000000000000000
0000101000011100011010000000000000000000000000000000000000000000
0011000011011101000110000000000000000000000000000000000000000000
0110110011110100011000000000000000000000000000000000000000000000
0100100011111010000111000000000000000000000000000000000000000000
0111110110101000110100000000000000000000000000000000000000000000
0000110100101011111101000000000000000000000000000000000000000000
0100101100011111111001000000000000000000000000000000000000000000
0000000100101010101010000000000000000000000000000000000000000000
0011010010100010100110000000000000000000000000000000000000000000
0101101010010010010111000000000000000000000000000000000000000000
0100100110111101000000000000000000000000000000000000000000000000
0110000110101000001010000000000000000000000000000000000000000000
0110010100010100010101000000000000000000000000000000000000000000
0101111101101011010111000000000000000000000000000000000000000000
0111000010001100001011000000000000000000000000000000000000000000
0011110111101111101010000000000000000000000000000000000000000000
0011010010011110000001000000000000000000000000000000000000000000
0110101101010010110100000000000000000000000000000000000000000000
0101011011101110111111000000000000000000000000000000000000000000
0111010011110111101111000000000000000000000000000000000000000000
0010101111001110011000000000000000000000000000000000000000000000
0011010001011110100100000000000000000000000000000000000000000000
0010110101011101000001000000000000000000000000000000000000000000
0111111100000001010100000000000000000000000000000000000000000000
1000000011101000110001000000000000000000000000000000000000000000
0110110100011010001101000000000000000000000000000000000000000000
0111100111010110000100000000000000000000000000000000000000000000
0001100011000011010000000000000000000000000000000000000000000000
0001111110101100011110000000000000000000000000000000000000000000
0010001010100011010010000000000000000000000000000000000000000000
0001110000101101011100000000000000000000000000000000000000000000
0000010011101011010011000000000000000000000000000000000000000000
0000001110110111100110000000000000000000000000000000000000000000
0000011011111011101111000000000000000000000000000000000000000000
0010010000110000101110000000000000000000000000000000000000000000
0000010010100100110100000000000000000000000000000000000000000000
0100001011101110000111000000000000000000000000000000000000000000
0000011000010011011010000000000000000000000000000000000000000000
0111011010010100001100000000000000000000000000000000000000000000
0000001111100010100101000000000000000000000000000000000000000000
0000000111010011010010000000000000000000000000000000000000000000
0111100010100110111110000000000000000000000000000000000000000000
0000101100101101010110000000000000000000000000000000000000000000
0100100001010011010111000000000000000000000000000000000000000000
0000010011001011011001000000000000000000000000000000000000000000
0111100110001000101000000000000000000000000000000000000000000000
0111101110101011101101000000000000000000000000000000000000000000
0100011100101110001000000000000000000000000000000000000000000000
0000001101000000111110000000000000000000000000000000000000000000
0111001010011001000000000000000000000000000000000000000000000000
0001001101010110000100000000000000000000000000000000000000000000
0110001011011101001100000000000000000000000000000000000000000000
0010000111011000010100000000000000000000000000000000000000000000
0001000000011100100111000000000000000000000000000000000000000000
0110000011101001111010000000000000000000000000000000000000000000
0001101001111001001101000000000000000000000000000000000000000000
0110001011011111000001000000000000000000000000000000000000000000
0000100010110101011100000000000000000000000000000000000000000000
1000001000000010110001000000000000000000000000000000000000000000
0000111000100000011100000000000000000000000000000000000000000000
0010101010001110011000000000000000000000000000000000000000000000
0111101011100011101000000000000000000000000000000000000000000000
0101101010101101111101000000000000000000000000000000000000000000
0101000010111111000101000000000000000000000000000000000000000000
0100001101110011001101000000000000000000000000000000000000000000
0110001000110100100011000000000000000000000000000000000000000000
0010001110110100111110000000000000000000000000000000000000000000
0011000000100011000011000000000000000000000000000000000000000000
0011110000110011111001000000000000000000000000000000000000000000
0101000111001101011111000000000000000000000000000000000000000000
0001001110010010100111000000000000000000000000000000000000000000
0111101010011110011011000000000000000000000000000000000000000000
0101000101000000000110000000000000000000000000000000000000000000
0100010001110010100101000000000000000000000000000000000000000000
0010001001010000011001000000000000000000000000000000000000000000
0011101110001111010001000000000000000000000000000000000000000000
0000011100011000011110000000000000000000000000000000000000000000
0100010111100110101011000000000000000000000000000000000000000000
0011000000110100001110000000000000000000000000000000000000000000
0001101000101010110010000000000000000000000000000000000000000000
0010001110011101111101000000000000000000000000000000000000000000
0101000101100101010101000000000000000000000000000000000000000000
0100011000011111101100000000000000000000000000000000000000000000
0110001101100100111111000000000000000000000000000000000000000000
0010000110001111101011000000000000000000000000000000000000000000
0000111111111110100010000000000000000000000000000000000000000000
0111111111010101110100000000000000000000000000000000000000000000
0011101100100011111000000000000000000000000000000000000000000000
0010011110101111100001000000000000000000000000000000000000000000
0010010011011100001100000000000000000000000000000000000000000000
0001110010110001000011000000000000000000000000000000000000000000
0100110111111111010101000000000000000000000000000000000000000000
0110001111011100101010000000000000000000000000000000000000000000
0100111110101101111111000000000000000000000000000000000000000000
0100110100001111001010000000000000000000000000000000000000000000
0010000110100010100100000000000000000000000000000000000000000000
0111011111100010010001000000000000000000000000000000000000000000
0111101110001010011101000000000000000000000000000000000000000000
0000100011101010100001000000000000000000000000000000000000000000
0101001101001011100010000000000000000000000000000000000000000000
0000000110110011101111000000000000000000000000000000000000000000
0010011010010000010110000000000000000000000000000000000000000000
0011110000001100111001000000000000000000000000000000000000000000
0101100000001111110110000000000000000000000000000000000000000000
0001110101111001100010000000000000000000000000000000000000000000
0101000010110101111001000000000000000000000000000000000000000000
0010000101110001010100000000000000000000000000000000000000000000
0110100001010010100101000000000000000000000000000000000000000000
0011110011000011001011000000000000000000000000000000000000000000
0100110001110101010000000000000000000000000000000000000000000000
0101001111010100111110000000000000000000000000000000000000000000
0110001111101111111000000000000000000000000000000000000000000000
0110000011101100001001000000000000000000000000000000000000000000
0011011001000111000001000000000000000000000000000000000000000000
0011010001010000000100000000000000000000000000000000000000000000
0111000110000011111111000000000000000000000000000000000000000000
0110100011111011110110000000000000000000000000000000000000000000
0100011111011111100100000000000000000000000000000000000000000000
0100010100010001010001000000000000000000000000000000000000000000
0111001000000001000101000000000000000000000000000000000000000000
0100000001110101110111000000000000000000000000000000000000000000
0010101001011101101111000000000000000000000000000000000000000000
0110000001001010101010000000000000000000000000000000000000000000
0110110110011010000111000000000000000000000000000000000000000000
0101100000000101001110000000000000000000000000000000000000000000
0010010100111110011000000000000000000000000000000000000000000000
1000001011111010010001000000000000000000000000000000000000000000
0111000011110110010010000000000000000000000000000000000000000000
0010011010010000110100000000000000000000000000000000000000000000
0000110100110011000110000000000000000000000000000000000000000000
0101000111000110101011000000000000000000000000000000000000000000
0011110011111111011100000000000000000000000000000000000000000000
0001001111101010111011000000000000000000000000000000000000000000
0111010010010010010000000000000000000000000000000000000000000000
0001110111010010010100000000000000000000000000000000000000000000
0110101100101110011011000000000000000000000000000000000000000000
0110011100110111110110000000000000000000000000000000000000000000
0001011000010001100010000000000000000000000000000000000000000000
0100111011011000011001000000000000000000000000000000000000000000
0101100111101000001100000000000000000000000000000000000000000000
0010001100010000101101000000000000000000000000000000000000000000
0011111001100001101011000000000000000000000000000000000000000000
0001101011011010111001000000000000000000000000000000000000000000
0010001101011101100010000000000000000000000000000000000000000000
0101010000011111110010000000000000000000000000000000000000000000
0111100011010010001110000000000000000000000000000000000000000000
0110101100100011100111000000000000000000000000000000000000000000
0001010011010001000100000000000000000000000000000000000000000000
0101010011110010010110000000000000000000000000000000000000000000
0001101100100011101110000000000000000000000000000000000000000000
0000011100111100100010000000000000000000000000000000000000000000
0101101010111001001101000000000000000000000000000000000000000000
0011101110001100010110000000000000000000000000000000000000000000
0011111010001000101011000000000000000000000000000000000000000000
0000010000001000111101000000000000000000000000000000000000000000
0110011001101000100011000000000000000000000000000000000000000000
0001011100010010111011000000000000000000000000000000000000000000
0010101110110000001010000000000000000000000000000000000000000000
0110001110100110010011000000000000000000000000000000000000000000
0011010001110110101111000000000000000000000000000000000000000000
0110110000010111010000000000000000000000000000000000000000000000
1000001001001011110100000000000000000000000000000000000000000000
0000000010100101100011000000000000000000000000000000000000000000
0011011000101001001010000000000000000000000000000000000000000000
0110001110100001000101000000000000000000000000000000000000000000
0000000010001011001000000000000000000000000000000000000000000000
0001001110001010101010000000000000000000000000000000000000000000
0111001101010100000110000000000000000000000000000000000000000000
0001101011000110010000000000000000000000000000000000000000000000
0001010100111000001101000000000000000000000000000000000000000000
0000000100011010100110000000000000000000000000000000000000000000
0000100010000100101100000000000000000000000000000000000000000000
0011011100010100011101000000000000000000000000000000000000000000
0111000000111111111011000000000000000000000000000000000000000000
0001011111011011101110000000000000000000000000000000000000000000
0110000110110001110111000000000000000000000000000000000000000000
0000000000000001010100000000000000000000000000000000000000000000
0011010001110011110000000000000000000000000000000000000000000000
0110111011111011011010000000000000000000000000000000000000000000
0011000010001111101010000000000000000000000000000000000000000000
0000011111000010000000000000000000000000000000000000000000000000
0010101011011110100110000000000000000000000000000000000000000000
0110010011111111000111000000000000000000000000000000000000000000
0111010010100010110010000000000000000000000000000000000000000000
0000111110011110001110000000000000000000000000000000000000000000
0010111000010110101001000000000000000000000000000000000000000000
0111110011100110100101000000000000000000000000000000000000000000
0110011110001000010000000000000000000000000000000000000000000000
0101111000110000011100000000000000000000000000000000000000000000
0111100011101011111111000000000000000000000000000000000000000000
0001010010110001100100000000000000000000000000000000000000000000
0011111110010100010011000000000000000000000000000000000000000000
0000100111010111111111000000000000000000000000000000000000000000
0101010001011001100000000000000000000000000000000000000000000000
0110111011100000001111000000000000000000000000000000000000000000
0001101110001101001010000000000000000000000000000000000000000000
0111000001000001011101000000000000000000000000000000000000000000
0010001000100011010101000000000000000000000000000000000000000000
0000000000001101010011000000000000000000000000000000000000000000
0110111100011010001110000000000000000000000000000000000000000000
0010111111111101111010000000000000000000000000000000000000000000
0011001000110000101111000000000000000000000000000000000000000000
0010010010011110100100000000000000000000000000000000000000000000
0000010000100001010101000000000000000000000000000000000000000000
0011001101010100111110000000000000000000000000000000000000000000
0000101111110011011010000000000000000000000000000000000000000000
0011101101101111100000000000000000000000000000000000000000000000
0100001010011100011010000000000000000000000000000000000000000000
0101111101011000000111000000000000000000000000000000000000000000
0100011101011111001010000000000000000000000000000000000000000000
0001011001011001000110000000000000000000000000000000000000000000
0001011100001100011101000000000000000000000000000000000000000000
0001011011101111001001000000000000000000000000000000000000000000
0110110000010000111010000000000000000000000000000000000000000000
0111000001110001001100000000000000000000000000000000000000000000
0110100111000110110000000000000000000000000000000000000000000000
0001101011010101011111000000000000000000000000000000000000000000
0100001000011111111001000000000000000000000000000000000000000000
0000010100010101110110000000000000000000000000000000000000000000
0100000001111111101001000000000000000000000000000000000000000000
0010000000011011011110000000000000000000000000000000000000000000
1000000000000101001000000000000000000000000000000000000000000000
0100111101000101011111000000000000000000000000000000000000000000
0111101110000000011110000000000000000000000000000000000000000000
0010110010100110100011000000000000000000000000000000000000000000
0111100111100110111001000000000000000000000000000000000000000000
0111100111010011110101000000000000000000000000000000000000000000
0110100011010000000011000000000000000000000000000000000000000000
0001101100001111110101000000000000000000000000000000000000000000
0011010100100000001000000000000000000000000000000000000000000000
0110000001000111101000000000000000000000000000000000000000000000
0110111101101011010110000000000000000000000000000000000000000000
0100010000011011100110000000000000000000000000000000000000000000
0001101101110100100011000000000000000000000000000000000000000000
0010000010011010000011000000000000000000000000000000000000000000
0110110000100001000110000000000000000000000000000000000000000000
0111110100010010011110000000000000000000000000000000000000000000
0011110100001101111011000000000000000000000000000000000000000000
0100011001011100110011000000000000000000000000000000000000000000
0111110110011011001110000000000000000000000000000000000000000000
0000101110111001000111000000000000000000000000000000000000000000
0000100111100111101001000000000000000000000000000000000000000000
0001110100011001101011000000000000000000000000000000000000000000
0001100010001001100011000000000000000000000000000000000000000000
0001001111101010111100000000000000000000000000000000000000000000
0001101011110010001011000000000000000000000000000000000000000000
0110010100011000001010000000000000000000000000000000000000000000
0110000111111110001110000000000000000000000000000000000000000000
0001101100111000101000000000000000000000000000000000000000000000
0100111010000000011100000000000000000000000000000000000000000000
0111001110011100100101000000000000000000000000000000000000000000
0101101100000001001010000000000000000000000000000000000000000000
0101000000011001011101000000000000000000000000000000000000000000
0011110010000110110011000000000000000000000000000000000000000000
0000111010010101001011000000000000000000000000000000000000000000
0100111010100110001001000000000000000000000000000000000000000000
0101001011101100011100000000000000000000000000000000000000000000
0110111110000111000000000000000000000000000000000000000000000000
0101011101011000111100000000000000000000000000000000000000000000
0011110010010001111010000000000000000000000000000000000000000000
0101101000010010111111000000000000000000000000000000000000000000
0001111001101010111100000000000000000000000000000000000000000000
0100011010001111111010000000000000000000000000000000000000000000
0110100111110011001110000000000000000000000000000000000000000000
0101001001010010100110000000000000000000000000000000000000000000
0110001111101010101000000000000000000000000000000000000000000000
0111000001000000010001000000000000000000000000000000000000000000
0011111101001010110100000000000000000000000000000000000000000000
0111110101010001100011000000000000000000000000000000000000000000
0111001111011110110111000000000000000000000000000000000000000000
0101011000100111011101000000000000000000000000000000000000000000
0101111010110111010101000000000000000000000000000000000000000000
0000111011100101001101000000000000000000000000000000000000000000
0100010111110001101010000000000000000000000000000000000000000000
0010011111111110111111000000000000000000000000000000000000000000
0011010000010100001111000000000000000000000000000000000000000000
0010011110110001000010000000000000000000000000000000000000000000
0001101101110101011001000000000000000000000000000000000000000000
0101110110000001101000000000000000000000000000000000000000000000
0010100101100111110010000000000000000000000000000000000000000000
0010101110110001000110000000000000000000000000000000000000000000
0110011001110010100101000000000000000000000000000000000000000000
0101011010010011101010000000000000000000000000000000000000000000
0110110110100011110001000000000000000000000000000000000000000000
0101010110010001000001000000000000000000000000000000000000000000
0110101111110111110111000000000000000000000000000000000000000000
0010110100100001100100000000000000000000000000000000000000000000
0101101001101100111100000000000000000000000000000000000000000000
1000001000001101110100000000000000000000000000000000000000000000
0101100111101110010110000000000000000000000000000000000000000000
0101101101011001110101000000000000000000000000000000000000000000
0011110101111101011001000000000000000000000000000000000000000000
0110110101010101111101000000000000000000000000000000000000000000
0100001101001100111110000000000000000000000000000000000000000000
0010010100011000000100000000000000000000000000000000000000000000
0111111000101101011101000000000000000000000000000000000000000000
0100110000110111000111000000000000000000000000000000000000000000
0110110100110000000001000000000000000000000000000000000000000000
0111111011000111011101000000000000000000000000000000000000000000
0001100001101101000101000000000000000000000000000000000000000000
0001010101010111010011000000000000000000000000000000000000000000
0010100001011111011011000000000000000000000000000000000000000000
0111001000110110000001000000000000000000000000000000000000000000
0010000101000111110100000000000000000000000000000000000000000000
0111111111100111110001000000000000000000000000000000000000000000
0000000001111111000000000000000000000000000000000000000000000000
0110001010010111010000000000000000000000000000000000000000000000
0101001111010000000100000000000000000000000000000000000000000000
0000010110110100100110000000000000000000000000000000000000000000
0101010100010010011110000000000000000000000000000000000000000000
1000000001101110011010000000000000000000000000000000000000000000
0010110001011101010010000000000000000000000000000000000000000000
0001110100101011100011000000000000000000000000000000000000000000
0011001101111111100000000000000000000000000000000000000000000000
0000011000110010100001000000000000000000000000000000000000000000
0111011110001100110010000000000000000000000000000000000000000000
0111111111110101010110000000000000000000000000000000000000000000
0011110100000100010010000000000000000000000000000000000000000000
0010111011000000000010000000000000000000000000000000000000000000
0110100010011011001110000000000000000000000000000000000000000000
0011100011001000001100000000000000000000000000000000000000000000
0010010010001101001001000000000000000000000000000000000000000000
0100010000001100001011000000000000000000000000000000000000000000
0110001100000010110000000000000000000000000000000000000000000000
0110001110110001010010000000000000000000000000000000000000000000
0100000001111101101000000000000000000000000000000000000000000000
0000100001011011011001000000000000000000000000000000000000000000
0111011000001111010111000000000000000000000000000000000000000000
0001011101101010101011000000000000000000000000000000000000000000
0100010111100101000100000000000000000000000000000000000000000000
0010011011000001101111000000000000000000000000000000000000000000
0100000110101111100100000000000000000000000000000000000000000000
0111010000011101100001000000000000000000000000000000000000000000
0111001001011011100011000000000000000000000000000000000000000000
0101000100111110001001000000000000000000000000000000000000000000
0101011100101011011101000000000000000000000000000000000000000000
0111110111111010010000000000000000000000000000000000000000000000
0001001110110111011101000000000000000000000000000000000000000000
0001001100000110000100000000000000000000000000000000000000000000
0100000011001011110000000000000000000000000000000000000000000000
0110101000001101101100000000000000000000000000000000000000000000
0001010001100101011111000000000000000000000000000000000000000000
0101110111100010000100000000000000000000000000000000000000000000
0011000100110101100101000000000000000000000000000000000000000000
0111000011000001001000000000000000000000000000000000000000000000
0110100111011100111011000000000000000000000000000000000000000000
0111001100000110010001000000000000000000000000000000000000000000
0100100011100010100001000000000000000000000000000000000000000000
0000001111001010001011000000000000000000000000000000000000000000
0010010100001101101001000000000000000000000000000000000000000000
0001010010110110011000000000000000000000000000000000000000000000
0110000100010001000110000000000000000000000000000000000000000000
0101000111100010011000000000000000000000000000000000000000000000
0111011101011110101000000000000000000000000000000000000000000000
0010000001111101000000000000000000000000000000000000000000000000
0110100000000101100011000000000000000000000000000000000000000000
0101111100010111010101000000000000000000000000000000000000000000
0000001011010110001111000000000000000000000000000000000000000000
0001001100110100100111000000000000000000000000000000000000000000
0000101101110110001001000000000000000000000000000000000000000000
1000000000100011001001000000000000000000000000000000000000000000
0011100011111011100001000000000000000000000000000000000000000000
0001101110011101000101000000000000000000000000000000000000000000
0010001010111000101111000000000000000000000000000000000000000000
0001100001100100100001000000000000000000000000000000000000000000
0001000100111101101001000000000000000000000000000000000000000000
0111100010011010001011000000000000000000000000000000000000000000
0100011100001011001001000000000000000000000000000000000000000000
0100000111001101010101000000000000000000000000000000000000000000
1000000100011011001011000000000000000000000000000000000000000000
0110110110100110110010000000000000000000000000000000000000000000
0000010101000101100101000000000000000000000000000000000000000000
0010000100001011001100000000000000000000000000000000000000000000
0001101101101001101100000000000000000000000000000000000000000000
0011110101010010111101000000000000000000000000000000000000000000
0011110000111110111111000000000000000000000000000000000000000000
0011111010101001000100000000000000000000000000000000000000000000
0010100100010101010110000000000000000000000000000000000000000000
0000011011001111111000000000000000000000000000000000000000000000
0000000001110010000100000000000000000000000000000000000000000000
0111011110110110010010000000000000000000000000000000000000000000
0101101000110011000000000000000000000000000000000000000000000000
0100010110100011110001000000000000000000000000000000000000000000
0110011100010101111000000000000000000000000000000000000000000000
0100100010110011111100000000000000000000000000000000000000000000
0000010011001101110000000000000000000000000000000000000000000000
0000010001100100111001000000000000000000000000000000000000000000
0011001001111110000101000000000000000000000000000000000000000000
0001001000111100001110000000000000000000000000000000000000000000
0010111111000010011001000000000000000000000000000000000000000000
0101001101100111011110000000000000000000000000000000000000000000
0000101110011100011110000000000000000000000000000000000000000000
0001000010011010111011000000000000000000000000000000000000000000
0001010110111001110101000000000000000000000000000000000000000000
0000000010110111001100000000000000000000000000000000000000000000
0001110100110001001111000000000000000000000000000000000000000000
0110100110011011110111000000000000000000000000000000000000000000
0110111001110000101011000000000000000000000000000000000000000000
0011110001011110011011000000000000000000000000000000000000000000
0001001001101000011101000000000000000000000000000000000000000000
0101001010010000010010000000000000000000000000000000000000000000
0100101111100011101110000000000000000000000000000000000000000000
0110011000011001111000000000000000000000000000000000000000000000
0000111111111010010100000000000000000000000000000000000000000000
0001101001111001111011000000000000000000000000000000000000000000
0110000000010100011010000000000000000000000000000000000000000000
0010000100110000001010000000000000000000000000000000000000000000
0100000111101010000110000000000000000000000000000000000000000000
0000110001000111101001000000000000000000000000000000000000000000
0110101110011110001011000000000000000000000000000000000000000000
0101100111100000111101000000000000000000000000000000000000000000
0001011101100100001011000000000000000000000000000000000000000000
0111101000001111000110000000000000000000000000000000000000000000
0111111011110101011101000000000000000000000000000000000000000000
0101010100011011100100000000000000000000000000000000000000000000
0101101100111111100010000000000000000000000000000000000000000000
0111010001011000101001000000000000000000000000000000000000000000
0100011101111000000001000000000000000000000000000000000000000000
0001010011011010101100000000000000000000000000000000000000000000
0000011001100011010101000000000000000000000000000000000000000000
0000011111101101011010000000000000000000000000000000000000000000
0011000011011001101100000000000000000000000000000000000000000000
0011101111001010001101000000000000000000000000000000000000000000
0001110100100101101100000000000000000000000000000000000000000000
0011101011100100001111000000000000000000000000000000000000000000
0001011111010111110101000000000000000000000000000000000000000000
0000010110011000010000000000000000000000000000000000000000000000
0111001011110100110000000000000000000000000000000000000000000000
0100101111110010001011000000000000000000000000000000000000000000
0111001110111111001110000000000000000000000000000000000000000000
0001111111110010101001000000000000000000000000000000000000000000
0110011110100001010000000000000000000000000000000000000000000000
0001101111101100000011000000000000000000000000000000000000000000
0110110110000011001101000000000000000000000000000000000000000000
0110110100001010100110000000000000000000000000000000000000000000
0000110100101100001111000000000000000000000000000000000000000000
0110010101000100011011000000000000000000000000000000000000000000
0100111100010111001010000000000000000000000000000000000000000000
0101101000100100010010000000000000000000000000000000000000000000
0100100110101111110000000000000000000000000000000000000000000000
0011101010111110110000000000000000000000000000000000000000000000
0101100000001110001101000000000000000000000000000000000000000000
0000100011011000101010000000000000000000000000000000000000000000
0111110100000000010101000000000000000000000000000000000000000000
0000010010011011100111000000000000000000000000000000000000000000
0110100100011110001110000000000000000000000000000000000000000000
0100011111110011001100000000000000000000000000000000000000000000
0110100100101101010000000000000000000000000000000000000000000000
1000001001001010110001000000000000000000000000000000000000000000
0100110011110100000000000000000000000000000000000000000000000000
0011110100011000010101000000000000000000000000000000000000000000
0101101010111001100100000000000000000000000000000000000000000000
0010111000100001111010000000000000000000000000000000000000000000
0111100110110010000010000000000000000000000000000000000000000000
0011000110111110101110000000000000000000000000000000000000000000
0010011110101110010111000000000000000000000000000000000000000000
0000100000111010000100000000000000000000000000000000000000000000
0010101010101001100101000000000000000000000000000000000000000000
0100011011011110111010000000000000000000000000000000000000000000
0110000010100110011111000000000000000000000000000000000000000000
0010111010100110100101000000000000000000000000000000000000000000
0101010101000010110111000000000000000000000000000000000000000000
0000000000000000000000000000000000000000000000000000000000000000
