1
65606
462780
907866
1791665
591083
279885
864637
1087765
1615492
716830
104181
344270
55064
1630277
1219046
749124
2040619
1647091
1847839
201955
1433951
504304
2014563
1843533
528013
817678
812131
966481
93656
327201
158668
1381718
11060
1674636
1871633
294776
1974246
305580
1333561
1282930
663880
24731
1252183
2099988
1338920
686555
937060
562524
1589444
1383958
1028491
1602172
417993
663162
1389934
867936
1253198
1042118
1098500
270143
559981
538509
1775796
984897
121821
724201
1796507
186684
2070190
203130
765523
2003679
1241183
938962
1486254
1152497
1089710
366194
987227
1447062
336941
227896
657750
11236
638720
571574
990780
746295
2121752
474731
593031
864635
20821
537961
682019
2011255
1394682
932567
197156
1207201
1104201
428253
1364608
284014
1082085
161302
1717240
2133184
1063483
1678046
2024784
1495908
2084948
556033
61468
766864
530709
1559119
1290341
1188369
1081009
1710125
1430551
1225944
1626775
1022022
2093745
1331021
1677347
540807
655366
1362693
1575437
665753
136498
1401438
790218
45896
1658996
213512
2125968
294990
847365
152185
2012071
1737737
177226
181750
1320417
1673856
1059843
236195
18093
973236
344582
2112747
29278
1278027
1416826
1390209
1083915
1901733
2041328
461076
2123981
2117789
1369834
1725425
2015297
1204305
1731019
431914
355589
1248569
1581269
659607
486813
1874086
1184427
244301
186317
275619
100923
276311
1038360
234456
1827649
1837050
254714
820964
308070
1145062
684240
1964245
31198
1592594
370088
1921268
702870
1580603
1104485
1791332
847536
40604
2124740
1949956
2122368
885243
1481912
1607906
691790
11795
653565
695974
2018089
1376744
726153
1554622
1051825
1775703
1803268
1892854
354839
11338
1381764
1442634
1727270
1107535
1342582
601569
1916848
429349
418175
1368128
970205
2109142
897913
892377
370080
422827
373427
1830268
388882
2042740
1488884
820594
2136154
1503813
1296343
2061607
1004633
692670
83198
481395
701466
967215
68283
887037
695439
849677
222086
1397709
1801528
879161
225829
1974025
1400134
647328
1559938
1284836
1556516
423789
838770
872127
455379
820570
1692483
1692678
2055279
1686705
490584
652945
1107251
1089268
906201
1091572
1046865
2070548
1730668
1040396
754710
127806
657794
1302503
639440
2055837
595669
2009038
348131
1571208
366044
1458479
1214441
98022
1974268
350801
92131
1342978
350421
284172
1836670
1556003
855962
1921539
113221
871311
1874714
2129827
1929607
2001105
1197748
862903
254504
1972472
299910
703243
1726001
1896030
468859
663794
1608504
643182
1254358
1581714
1256458
703342
30806
1663476
665552
555782
303579
639449
1647808
1578001
1132529
1203652
1304458
505708
1067341
1248480
220362
1183563
652687
288364
596030
1550984
49635
1353725
1497386
2012339
1347114
1244357
2097237
452136
1412430
889656
560942
938763
1521235
977328
260328
1572652
1971790
1037969
688091
656600
2011377
1206692
578874
918529
2096223
1829132
1082799
669161
958737
1986065
988318
1006198
1729853
997674
668388
1714905
2061292
1706622
37863
706754
578396
1658407
2144106
850225
82384
1485537
1669362
750711
852857
1912870
433287
1484015
290055
397035
1721155
289628
478301
20919
1711023
486880
900734
415846
132608
2097538
388751
1753259
1219475
1316449
1274817
1474910
655540
1468597
741690
1602545
603802
1930220
1550112
717006
1798569
1505946
84441
1268106
914742
1291448
1464304
1388562
390717
654495
228070
1193549
130622
359509
1769825
883563
1596196
1809865
1591957
1325982
123975
94677
1473117
1528076
1251018
766103
314129
407207
1322850
351790
1717974
101267
1389301
355744
1426184
92718
69805
1619706
1739970
407936
1222220
1583361
763451
803033
1729264
1688568
1115132
1321566
1442663
146300
1792858
1130300
1067938
529702
352384
825482
518861
367162
1002848
1023254
47073
448171
478608
1722129
902107
744945
1375951
955466
1044464
216074
1500076
178821
1312959
895390
779021
396946
1097809
1622610
822464
1979166
1067832
678699
1405636
1180
1414825
1370995
2028431
2111615
1708810
751031
2085475
468729
2061398
249645
1361255
1298780
1025739
364672
674649
499978
682520
250406
908670
1205760
691169
1433368
1047671
459743
122746
901744
626819
1633731
1923128
72978
1867082
1389018
2025017
1842704
1171794
1887682
143517
173007
121543
1586857
1670235
262603
452541
706420
1673926
463279
356881
1227271
333753
1384890
563078
1239943
1787365
149183
2134726
1905686
1555845
2054379
896520
1621796
1511554
344706
1931951
82660
2014743
871544
1800624
715902
36591
1807847
182018
102464
1063903
1755398
1943318
435841
2028575
1190588
1509630
843442
298390
1865857
1480876
210717
598166
856786
1713304
1039451
922562
1181164
1519651
834099
1918146
2101115
1821488
74383
1949718
400185
1017430
561894
894479
701174
710157
530071
102919
1668495
1141316
1903554
1671926
79311
982917
1272923
1078080
790899
1140759
1223641
1466041
1295746
39998
974629
560556
1166446
2009717
1405
1774645
1831170
1092159
547441
1616184
133385
1947973
1953107
192896
1807815
1290033
763174
1007099
1345679
2077526
1665936
42768
677085
9435
1211159
1323050
208465
1824526
344310
1284988
2120024
533058
868574
1261099
2016161
840345
1364341
1020157
1528229
2003430
1095734
865424
26779
450707
2023687
2060675
1757396
698843
1738840
463691
2041382
1914341
300610
1276666
1384884
99375
1786461
520736
433473
1652772
844439
1091277
1352733
1698596
1294009
1584395
1804367
608560
1271563
1973902
666043
1582556
1550844
62641
1214561
2132193
1113668
1854276
1655140
525729
468459
677022
975098
456856
1207653
1521234
642326
725315
849816
106640
1888759
498107
176707
950063
212733
2023336
917184
1273139
239826
1510104
1748964
2113718
71659
1254812
2100016
906559
1416922
1833698
123653
380369
1668881
583445
1245676
1389524
651033
258656
1223030
1628606
1257056
1359147
949738
898639
909341
1467377
385063
2065925
283250
1275509
979246
1572355
751639
171861
504133
489724
292835
600215
1498532
1159103
1392400
325312
1035617
490710
220254
2036793
1183016
1402673
65950
1659458
340922
1538141
2030928
1074359
69844
1137871
1494522
609129
516344
744209
601470
1371643
1872441
165658
146229
1990101
123660
676965
841926
1587097
386752
371040
2112562
1599853
1252664
1436596
559324
1486819
395795
800582
1762800
1874986
673577
1711659
859151
1245625
1399067
1853198
866780
1537612
1026650
307163
794763
252870
672687
1785112
673470
1254057
444319
1566300
1825670
1424488
254992
1953883
1827086
889650
1185172
196787
2016810
1173600
1478390
1195655
382832
71141
465955
136783
125637
1443081
393012
646556
350608
2134842
1292815
2057203
707261
2082596
1272088
2058804
1944850
1201698
1721000
181345
1824594
1136501
2120621
2120247
1269565
1829895
171123
1443353
1390163
443934
1540410
215805
1066101
585650
425474
1989696
1644853
2075899
665483
1704779
1056255
468389
868206
1011014
1135596
1974030
2101420
1230841
1602289
936610
1904721
1445872
1531067
1643481
747234
159341
1734246
1619462
922535
1217766
274674
1496301
1865591
19114
571873
144240
1349037
316666
790034
712122
502582
1007375
132643
1907850
1829379
1542711
297249
446647
1625425
862374
1712256
1622182
422194
460066
404196
531255
867744
1624061
1805910
190329
1494182
3341
741901
1966536
987064
1483927
1884263
1242797
228927
1247290
851078
905541
15363
1089552
1603506
2013252
593804
647992
67828
435696
1257450
1208128
473219
1717896
814436
934837
777533
1670582
1794808
1342063
254615
251880
1351867
371973
1373952
1619303
1569977
1600010
902669
1233379
1600160
469211
1944742
1476321
618754
604514
1392910
1334122
1501844
1486331
1427836
1397775
553513
1656085
793321
2031823
252076
2070714
1234456
1109557
582232
286144
934362
1980371
527246
1004799
960150
1742949
758227
1563351
1844446
569425
520400
625470
641779
99179
1198733
463043
808011
155563
689644
1062204
638515
2003090
115667
1843979
1156960
1867639
2104889
1530669
924955
1294292
460599
287282
506174
829871
861755
1490877
1738983
1746609
743435
1014762
336592
1659784
531184
401073
1703264
1654187
739849
244841
1542732
1287946
27816
2127758
1955013
35961
641907
862081
415748
1572532
707647
230632
1631351
84612
84519
507786
1304710
2027084
886793
130753
622844
961201
1160393
1758388
1667756
1213542
906883
1187208
1563340
208896
203166
2020985
139410
199887
510737
2121532
5477
1540138
1487370
1424319
2134319
2023136
1359627
1894483
1533397
1789569
1426354
174241
1742349
1549493
637136
1020121
118148
1197232
1832880
1916399
1790086
2104984
1926693
701354
1499147
1702458
2128098
1952393
1376684
2131510
1556660
2037515
56306
1609366
987604
717720
1873984
2064036
190158
1568001
1615802
2139388
1564314
946764
1109628
1601539
589053
75490
872475
1620127
167786
858020
1955805
899563
1290263
1976341
363507
1573655
372417
1442949
570977
2115394
633449
1864671
1220386
1814192
333290
743233
779549
1728061
1771642
983523
171389
1152824
2072123
693825
1335409
1413153
2058860
1321370
78885
704244
1625617
2080852
1363554
2116104
1087759
90998
863354
941216
1867822
308091
1286733
950971
469150
2033368
673038
842530
1060452
2112049
1847277
376792
643461
32707
1145869
1084746
1580719
479253
1870834
1798577
1584047
496124
104482
715686
1512490
1787533
1318774
2112051
850874
754804
1833650
867928
1397181
153471
377062
1501862
1115365
293012
807725
463970
403958
1996164
2074050
1010308
1410573
1408457
1702780
1194556
1187484
649980
807825
593307
606341
1763499
1000895
1268251
60414
405712
2067339
117792
1728805
973465
302599
1017741
782721
371605
261035
403338
1125809
218861
1198164
1023993
35687
518942
954879
1854398
1605576
269113
1054573
1270471
999880
2024311
1790651
1633750
1148087
1399916
2076077
1077544
2100928
567506
457091
42961
1605637
181467
1081357
2022069
1825553
1880023
1461214
1573954
1677671
1872506
2016554
1942996
1251502
461660
1005066
624074
1174633
461526
551440
928281
596316
846675
671448
169613
1184261
1924680
413095
1832905
1677457
80595
668219
1065341
1737226
2094307
678933
1300849
214176
2011480
51677
1426148
788789
2073209
1954559
427426
1206507
60902
184681
1593472
1668390
2022535
1387674
1652504
36991
969734
702666
1567441
163936
2093253
87931
212270
1157390
114415
2138743
1213625
1527200
1594116
713470
1596272
1729425
221089
1340866
657818
1843152
1638987
1247758
1930453
1467749
592942
2034435
1273001
299336
587158
1194120
1107804
1785158
1197450
891659
711006
767333
1220521
1676350
2143719
1489085
76084
1472933
103000
368728
596369
1117756
1411806
748656
477132
782481
1433628
643242
2082568
1349114
1963162
1342127
1096583
1119415
926173
335031
907191
665284
91978
187790
951798
431192
1779905
778786
543679
1738753
708590
221906
99546
1158972
673662
1450180
1010246
1089897
699261
876762
1457846
2019801
1018408
1891645
1703219
1134219
367079
1067275
1942796
1141310
1151986
1917204
1949578
1420187
1491128
50045
888329
1039806
229551
773282
1251435
1695328
222566
1835025
63653
1696911
1586704
238143
906277
977950
2090966
1803717
1256875
1544426
1615469
1114892
1546941
636842
1201187
457518
29906
1604655
1374894
758147
924331
1420110
1543479
1462695
1693920
979538
1056135
1632662
1829644
1428097
17428
229319
1976766
2059670
1091887
777305
1341807
1166176
585501
918987
1946767
1515459
948796
758500
773800
1497218
765154
844841
183126
349513
1780326
550503
1222485
471707
202190
421598
1067295
395777
1224156
1506197
702357
1880793
1938691
755691
1184983
30768
434663
993161
1406535
1961659
1519588
1239789
1471263
160323
1271129
22517
1296696
1042792
490025
1073194
78553
1067942
454372
1240050
97018
1529438
1185867
782300
1556155
35285
300511
2041335
1958700
1343695
1918976
1179453
1991208
982066
817319
1375036
1779264
383075
2059386
182688
474632
2085741
506194
1305238
425834
1384013
623272
231206
2026221
170096
1058981
1128738
1622251
1475490
1039814
1124094
1055332
935228
1119355
1211826
1997233
522501
1484380
1664611
1166216
1863570
1059811
1464568
1385762
577794
1706151
1726888
457255
580799
1826533
1640926
1223335
541663
1671830
1323603
53310
1746394
1271211
1831778
1360536
647969
588984
2087094
1981415
1039138
764834
1555220
209644
441359
1203253
214668
1877568
1577164
2052763
2049011
490704
1351949
97146
1634597
1881057
958713
1053435
1173060
1631126
2010463
47544
856459
316804
1693622
1616274
1916600
886441
274427
1234164
234709
554260
293022
1669608
1211162
985382
1697396
973810
984858
1619788
1212442
454811
240184
2007727
29615
1137558
2109560
2124403
1679042
521289
1361416
1528133
1880530
1598544
139444
554516
46642
96549
1905109
2101940
2012199
1340260
554108
2047113
2129386
356074
1164963
952392
1388297
271181
1017787
263975
1958258
753933
954639
1371319
724289
662084
1801697
2420
365505
344547
775687
1624947
1851800
990771
1279344
1587834
1831380
2089090
1695584
1143307
1968015
354146
1727675
174542
895137
59510
1760051
42572
1417377
2021572
1525733
433741
2099564
1264349
490064
775542
556331
1037153
659830
1119601
861483
440998
745424
952003
1432232
743126
492958
1619905
588070
2141127
977736
1050918
1492046
1779982
1307510
176491
380564
950763
703972
1220183
1678279
442361
1298184
142684
441752
593750
330783
255951
944097
1693337
1120336
41175
1180963
1537980
996337
358976
1162992
606371
1671918
2130097
1613755
849444
197438
721635
1769139
1718968
2128122
849855
853077
1291370
636473
959236
1923144
370628
1321043
231452
190291
1754542
759207
34508
248731
1326355
1524919
2048471
124185
473166
212149
2102244
2059727
312433
267230
697240
804451
938525
1618729
729867
803582
755309
1292027
1627660
29092
321324
756421
1152830
821310
356561
774220
2013416
555701
944774
813454
1851959
1825728
1352587
1482964
892605
2022748
2018915
616972
1348191
108673
616103
866251
1485693
1806691
1743305
1348536
540862
743963
1268873
865967
763632
1431230
1717103
630119
522499
2082150
501250
848354
1322949
1538962
954488
1864661
567747
449851
1186052
1454142
1738991
1980581
1774546
1132243
1121622
1090707
769066
944756
1105101
2083952
1883047
1226993
165137
2056414
1240526
1526778
599298
895986
909814
1717536
548138
1230716
1169824
1565853
1608995
951898
1446164
1602530
1364245
1615418
1748441
1380371
352479
1625223
1133523
1184065
431757
1566684
782718
41362
585022
261482
937828
1689747
1145909
566307
386057
880
1889663
2119553
1803158
481610
935792
1364231
1907435
14176
788675
411584
1760959
1954186
522302
540591
1182473
1039872
973627
1299535
1743107
1643651
984281
1463495
161220
1767308
986361
298675
2114209
1542416
1554066
684215
5282
1143251
1045965
812936
1945580
1069120
1613436
50541
1261113
864873
1340255
1339798
1392665
1038154
30899
35811
1740927
1323802
1380766
1279930
2023051
500777
1440625
2142275
631521
630248
320679
607863
1840792
84199
1757641
1150094
468197
1605926
698689
1284491
12124
575442
1659628
1468572
2103554
517686
2008987
1811868
493946
701341
1417199
1627907
1248958
2121268
1269213
715320
378082
541529
1643105
1564209
847495
32757
1331206
408463
885250
2064363
1468999
358889
1636727
1691120
1953661
1851115
1731694
1378495
1002108
1001611
621828
1744932
1121445
1084427
45129
1518650
574164
721148
580660
1522750
1522215
499299
1863920
323268
644911
1896442
871203
395032
562201
1834359
895709
1834326
648369
1469835
1800804
1268604
962282
958350
1368012
689519
626365
2036007
745730
453879
975825
1823006
216839
1519904
119962
769355
380905
1644273
1550281
102518
1151122
2001829
1235653
1233596
1086338
2085148
116254
82027
286682
1013454
1057228
889959
1298615
1573692
2113802
443726
1496382
1344955
361075
2019973
1260382
1773535
1145259
717854
822719
1216885
2131914
474589
1624594
686866
610153
496699
295986
1266176
1668070
121685
925242
1619160
789774
814962
149148
178169
330960
1215980
841095
842333
1803624
1537305
1601705
1573254
1117804
1519382
1520418
1089316
428722
272408
1284957
1506791
1306525
195166
1964189
95596
1881182
1116989
245163
1378183
1664901
938042
807235
1437077
583549
243610
231674
1421566
1977410
1034448
760811
5246
462949
1199206
342322
889980
1223104
1567284
418216
1744874
1333589
1069847
1719312
828020
1523338
694569
204192
1467986
1116735
1067744
1772455
1110346
836470
2009755
1509550
1256107
1148908
1511052
1027367
380250
1921809
1331048
1544202
1163122
1398429
1185393
1262925
2023668
1727139
1145933
378952
92083
1628479
1000887
1928617
992052
1608498
1287414
113887
1546562
440625
1954970
142939
83997
275490
235907
1180708
1118586
549867
1762384
253136
407122
1186767
952701
786085
784415
320616
430872
1409450
1125585
70075
2094940
1387256
415293
262050
211748
358670
518882
1371570
1373863
558646
1598356
1407378
1150953
1513808
956661
1109269
888183
992100
1204488
2094452
2009122
729305
1139175
1940543
2128296
1687413
1335490
1104880
1470417
1443868
1183248
299315
622207
1473556
1436758
968952
1089427
948317
1443790
1358774
1583430
1036592
1384209
1410065
1224338
1893006
1693316
1650145
583612
1884244
1168289
650209
512681
1115771
1521253
1751175
1469610
1113565
1318825
486755
2015394
649098
751437
612498
986349
2067019
1979481
603916
523851
1295965
1978227
542451
1677726
268132
1651602
673918
254260
1436290
303702
1685404
398120
1858790
146187
470083
1031152
1303682
1719523
488813
792717
1066590
1407154
81060
42354
1918921
190690
116861
2133410
1359087
707439
1277909
1547186
611971
651960
1760468
1254809
774535
471926
363851
2014418
1369720
2022795
304309
340671
1144060
1530154
1636138
1215727
955432
2018479
1430751
1045984
1577958
1859398
1777158
1385749
1579954
1316201
1990371
914461
40782
349722
1305471
432173
1743775
391344
1018846
1575611
1875229
293180
212719
806945
2012731
1387420
1120245
242033
1862256
335515
1262538
1380089
1945870
585224
2049780
651983
508527
1240609
934208
1061626
1764907
544905
1447918
267247
1108285
566251
551076
1146345
2007603
980074
1605559
1802735
70238
756131
1949868
178339
1574070
1198009
1836349
1865525
1967130
1850595
1964177
49573
1710967
740652
2019152
1951192
400720
353448
1647963
1512388
1756580
1738479
1085421
482127
912721
1472817
2024093
187337
1880968
558906
896735
27265
821215
2046752
1376178
1590348
811881
1805170
730187
1559981
901955
88353
146081
2044506
1533219
473240
2042624
2112601
1139508
1514809
272040
1926366
771877
1511153
1935559
1776708
722433
1538568
1364706
1302299
990786
228886
2062247
1324834
1663337
323269
2096967
1881342
2117082
1926140
2078114
2134242
192554
126985
27887
1668120
1820113
1430028
509264
2013358
1530591
679280
1543769
739414
1002922
837605
1911971
1675130
362429
1325130
631830
1419177
72596
1975580
1717410
581322
2051033
713606
659163
1833971
1876305
1224186
2130812
860899
1316639
1385687
983865
41825
768171
1715771
623029
44594
978840
1742921
243728
2140554
325466
673188
395649
529090
1759828
1350338
1442806
752221
1374800
1202110
539414
498075
1284100
131683
1909583
1247126
657489
360283
251801
997409
1314870
1406503
482914
2052565
1478753
237660
1194243
1435053
83080
515327
2034396
506573
1099010
1492636
1293564
1533338
1291242
286422
1322361
772855
1634624
215748
1219819
221227
1016019
551770
1289742
246986
1051704
1519329
1813069
1675761
999786
948481
547924
530731
1075992
1165747
1103086
1824363
1088270
1756877
1390940
1824394
426392
151800
84437
1021211
1680163
150666
1709221
2137915
1584630
414710
532180
641297
462589
792139
587766
1456731
2031008
1992250
57373
1074926
637776
1928321
995531
50442
1148190
601511
254443
1588254
946455
903780
702272
918136
879039
312286
332168
117073
432417
443310
1252688
1600775
14839
670252
373435
1288202
599903
1549277
1585715
2097156
358677
1344445
1693700
1092539
1522508
108570
1373502
274810
368841
1168644
370770
1257392
1359767
1091420
508217
1821003
244530
2099479
514603
1793743
1636539
721079
1637368
1484576
1804141
1452255
1207923
1442519
546118
2139550
153750
1019227
683362
1860101
1163286
505430
922287
1373325
1587977
1796392
1414450
629441
1830533
1847347
1206897
426911
1546225
1975443
1771079
2072135
854696
316812
2099926
1680827
889281
1745846
1315553
1313257
1153109
329752
409386
421492
968498
2093925
400651
1919721
1927120
4625
82652
1958502
857092
68894
2103837
1681268
795420
241001
1153467
940925
1401996
1372270
2060458
1185993
930981
441016
1940348
165613
1859839
357114
210532
1837062
1540514
1568688
244699
1604956
1346655
1071465
533778
1223394
230985
654028
268912
359241
1720054
897332
1063799
1960623
1483171
477559
822363
1841241
353904
1012427
286663
1622436
925757
485499
1378509
995935
1177572
78750
1713977
932445
711067
795230
266604
638095
591425
2081100
1688935
2063949
439221
361365
782690
1194612
1131601
1538295
1681943
2069614
1189495
1283706
1607394
270330
1585200
1305417
1188821
1031462
1277838
179374
871908
1343855
1867845
1043389
884402
1008256
1641084
1710269
1343818
1117170
1016385
566440
2119163
1606046
1163225
1036462
1190706
1810354
1056119
354686
435123
1390407
393995
1769830
1536289
670950
1948781
690042
1291185
991613
892628
873814
37812
1746073
694127
1138594
479385
114756
1702011
825096
1084565
647021
264015
1005522
1139140
1922048
975848
1796434
206410
1404892
1577642
649350
1737866
2084501
833172
596217
1150605
1910651
2008815
1432274
165530
1448391
412944
1271890
1113861
1502407
1795719
672613
1309265
1690842
1913388
1803302
1246444
859070
1433014
2059790
1670943
2050551
1752233
444823
685019
1500702
1442126
15239
1792056
735912
1482117
1182710
549034
512556
1391008
1777620
1927798
1545308
2030436
2002926
82423
474354
610200
664511
188808
324394
230317
1654077
1951275
1167119
115151
374792
585323
667874
1068096
1957913
1123493
1855915
2145937
1406615
1726543
1717570
1410811
408857
1279404
1794567
420734
473715
1678792
2037104
1302547
228597
866738
1551667
1850770
377092
2029468
1299874
191799
1835894
536060
266218
781713
811744
1683414
1447361
1272777
597619
1494198
32327
631860
744122
1037462
152335
47021
335402
863567
385049
1609535
1384232
920749
1019519
1462370
1099492
13106
668126
216262
349706
903035
208742
240781
286347
874505
2049074
1816547
1055228
1846450
1893392
349602
1377105
1313175
1029406
1339819
727569
1818834
1969138
1237241
421393
1723014
397523
1255686
640596
716038
1417692
2024851
800964
2049426
247134
999388
467542
1504253
1595385
543848
1601683
1238454
1543056
5849
1028855
64902
37941
890871
1030989
116500
218260
326331
1430197
492242
759194
1607192
838203
1658205
473036
1645470
1371681
1879369
166963
287553
227293
1611981
181394
1909904
1467657
77599
1897265
67373
284245
1192402
649463
1514254
143390
1351637
707766
899973
16770
862022
1133909
488596
614035
126703
379890
2081974
1590662
1116714
1782729
925628
580562
585927
554733
1938300
1895924
1639006
745129
1756059
1696162
1778925
582391
1152896
1036178
1588102
322680
40953
1749707
1693817
536858
1697607
1788803
578831
213935
1691126
1495737
2119585
217241
1842469
1787549
1552513
327278
1131384
398855
1757480
2041401
108117
200334
125887
1088626
361570
1292780
340065
1578032
1117781
313650
1415506
945020
1489120
1280315
1929475
1806396
339768
862315
139300
548635
1291801
1490748
1649152
747742
963391
856622
1354829
658337
1460677
1518025
1980705
690222
2056166
444729
760098
544459
1473036
1000081
856565
2048242
554812
433222
1766990
350368
275166
1585967
1179482
710587
1694189
1700214
464821
792540
574509
1901998
889692
1728461
853244
803522
1045845
616102
1650965
326285
1131856
1959516
605454
258942
301918
1441521
1022059
594214
574398
1109903
1403128
1806724
1809564
1721393
1336790
1962812
1201092
221426
672620
1908230
282996
633955
439993
734494
2020679
1690240
1910881
1034656
873587
1149023
2053301
80462
204387
285475
1785722
892213
1519419
904935
579426
247620
1871250
1054617
1886111
834837
282754
2132524
1838725
1709446
1685874
1930900
1696816
602893
839894
1669910
1378290
92824
1738230
1086916
2010557
441661
1684549
56056
55200
1518777
1332883
1530713
751072
840687
1682897
461468
1979534
1109063
822002
2016963
1110255
1745540
1745153
1486888
1747375
1662167
1535940
2034923
2009438
1459549
643387
1236687
1755367
306922
1514081
803211
1440613
228989
1744623
1911227
237602
339668
2029924
1721814
2078267
1366217
647517
1787569
341060
509011
1198367
1347649
1475397
842662
1901075
679650
329783
1674111
1311178
1199044
1030443
1994724
1301347
1305799
1391766
797269
1969697
790040
1517633
2014401
741064
1188820
2144706
2002395
1826750
1717042
1281629
252909
1106152
685413
444654
410157
703042
160286
122893
593201
1723052
573345
1596842
625967
535612
567026
2059190
1653514
1160569
1291919
118562
989953
109144
1158113
1754035
376735
1437926
579296
224662
1854865
401378
436022
2031953
180199
1154136
966458
1486413
1647679
1250168
1176598
1393414
886955
1891232
1578951
1862360
1520633
473354
527258
2018462
141722
1463069
220537
975638
670268
917682
530464
147447
1733637
363292
1467373
1595956
374158
445611
1463952
792740
723251
412805
1187391
1024555
1153665
861487
2097815
2104182
1377985
838912
697508
47502
1543335
254859
1209044
491630
1918728
1308472
327344
66109
714943
827859
1167776
20983
718549
1749306
825144
571366
1325213
1129728
2032463
256880
64769
1509975
1352449
1677859
318779
262889
1591815
940340
1507205
1537610
2057734
1845897
2131955
174106
612970
2112455
1953727
1943542
2027437
378043
787423
866819
1112367
159703
2030534
520603
1303654
1605059
1915604
1591438
1305524
841353
130334
1790670
1254814
715786
857458
311831
319141
2087596
340288
802196
331835
1056267
63326
1906657
876635
1599867
176714
39480
1943272
1632659
1907120
1475370
43001
457243
2124602
469895
1348703
978296
1032863
2121624
1960780
1707844
1766317
2000863
83678
859567
1154376
1221592
1406377
653190
861832
1111922
358150
1596902
131419
118367
1340173
1761638
1088311
541609
1173977
1770960
833694
693375
1753771
1768893
1364670
1603553
429234
1399097
735107
429824
1021341
1960686
428000
475372
791221
2134772
655025
657226
442301
1279626
1654455
2050054
836304
474736
2117268
1080442
21437
1343364
463255
1558104
496144
10595
251862
2085875
1785270
1687768
1953367
1640003
293260
950918
1365601
198555
2093729
60662
1567096
567236
1302353
887370
859871
1535679
475759
1979011
841290
2009234
519222
565125
1550481
1533931
282718
1149075
766928
1703078
151848
1632325
1700051
159769
965
1218194
490619
415242
933439
1406608
24219
1348988
250978
1574108
1824423
1492384
1368165
8904
540525
678034
2060720
309024
1406244
1727785
1719456
571745
894850
1300145
2121904
827396
529734
419917
540252
320170
489713
1321750
487620
840907
455703
1843237
383298
175126
1122675
747705
777385
1689745
550327
600554
1980650
1889542
1704560
1303243
1811280
1688482
1919303
1193129
1806740
2028041
1144089
472245
1416421
210041
1897811
564959
1127606
438672
1819711
70595
1905077
2080055
1565923
1789452
1049209
368833
1837243
850841
1558910
1773381
1418792
629662
2032824
347661
1744024
2087205
1321449
664874
1413260
1060555
1015730
1104133
1451590
475592
1399669
666819
115733
28736
1624627
18086
1669264
1961851
105599
1438999
1679229
1462465
123552
541929
554105
1102817
382152
1176285
379750
1637043
318939
139564
1983762
2129105
1981654
1072456
1386485
1752610
462828
291266
1692510
86679
1318496
880555
1908297
516627
353153
902429
1953972
2040496
1615990
1427351
1838067
732020
1195415
903817
163973
1452548
746293
961538
1808869
2015615
278608
1839099
88109
1701131
1781237
759467
1677425
1069384
1244764
690242
1203161
1474146
264524
1305680
664328
233890
1520004
390894
993224
1856255
1265428
1892530
521984
1217003
1995643
1128795
1658815
1802956
984816
425495
1254261
894706
85605
1600631
1145728
1485918
1977176
639997
977601
1988336
2088695
2001180
390781
359381
1884446
609440
2137186
1972351
1104478
84
96861
1220470
189928
1275199
1389643
229194
728115
128455
964309
958062
148762
1955357
1847058
1071865
1678519
859376
374453
839049
308847
1607249
386634
324084
1939208
1466061
1188901
1180780
806847
548253
1211949
1427987
2119974
1818330
1611896
1970822
128051
1385840
659861
150013
1926873
1549047
2123495
2051146
1449007
1899626
1473197
943824
1463584
795626
1696216
351073
782301
1595892
501276
1960380
1276220
1936541
1561068
913891
525146
434748
241548
16741
82034
127104
1030165
1914778
822887
1685675
21928
196581
759651
452139
2093769
1279728
896239
1993623
1439691
1127608
96793
702374
320549
1350691
46093
1579339
1928727
1102158
655966
528440
1109309
1940721
94766
526659
483655
1048505
1357520
1654727
568595
2132688
930127
1153625
1876150
1532097
1516758
1411270
1517504
670059
1861906
1775882
811994
454859
1677415
1910962
1275635
374744
1573618
1383880
344886
619994
1118779
542731
561528
1985196
1444815
532409
185298
984416
1519613
255886
1702662
297579
541110
488143
1630224
141995
831498
618001
1268760
1547227
1762572
585976
412326
1471975
801315
755113
428792
752138
308411
2080686
1983297
1158394
1988377
2056824
1984413
870552
1245847
1615260
160965
1281777
1655939
2046373
150022
442317
581702
53200
1391843
1782734
2066979
191603
525335
872295
931225
399245
1307878
1394950
1617351
1696272
148802
2125575
2030911
1356777
1790479
1166299
967540
48050
1217493
1576160
683783
1834470
1276070
531557
837822
1543196
1414488
425287
1790417
1723741
1555172
44912
875249
554678
497323
699339
1283932
2027093
227230
455598
1386457
1981183
122589
411901
1213980
906818
1953031
1974930
1899760
1765642
1057236
249224
1068375
1623610
1131373
517859
1575825
339044
847260
445201
1831472
1926775
1290681
911145
1957832
315938
1997022
1303637
837256
905714
1928521
822105
17067
1041683
48563
2006426
1867702
1187573
320192
2060437
1978190
1579776
552516
666487
410659
2000011
1009363
1313895
2145592
161279
1619997
709453
817220
278058
1367722
176877
353050
1074543
1709677
345767
532834
390385
2058031
434914
1671207
1381984
1089298
1684733
795860
2074672
991284
1416931
1296467
247536
722080
413692
1998178
1355143
203401
685633
1913981
1816591
2062725
1399261
1511564
781839
528329
1057111
1962622
2111013
59996
1603864
1097919
538493
457558
1356764
1748646
451402
1062658
1730297
1055606
1150819
1491442
472503
1895340
1244680
308684
79841
1236400
597039
871972
372375
1282602
1839197
1706396
813767
471260
69874
848576
1585460
1444652
1556651
285698
2027185
1578399
2141956
537763
1409444
1595330
559317
413003
1339433
1456418
1051912
900457
1482641
1603888
1931808
1199203
547609
54254
1174489
1675886
973555
988655
851
303791
611803
168334
1918975
111286
1249960
36574
277665
1358656
9956
455748
1904149
1121123
1371400
1320699
1820302
375489
1287062
1020902
1844620
691300
144344
1614948
1445859
595168
1338870
962431
1649233
1676234
571729
1530928
786298
1770290
134538
1272681
730640
427240
1328840
1876715
1460256
1754153
621916
807298
725381
1511966
1170228
112270
822319
1768414
1520958
718566
1369779
1261981
1308358
1739860
151556
7056
2130931
1873066
1438512
874681
1022866
286719
599972
1779893
2144047
1829728
1412605
1098857
1557854
203295
446675
789871
517565
722566
1844946
237369
2033968
1382191
67669
976689
1339944
1202133
171890
454477
1028107
800452
2101866
1334409
550612
599310
1882949
1594214
1246793
1430997
841022
583924
2090666
40201
1146990
2144751
2066421
1534605
2073117
585315
1294310
412224
2135681
323145
1389786
1222454
195802
1054689
327000
2106226
252011
411833
710099
1548510
2035336
1262265
1921423
390891
395183
1933707
195216
1550949
973792
1172251
595094
1950827
212336
1750860
1755152
224620
883778
110707
597533
1435944
1734210
1894032
39817
1819043
1091354
1950241
923589
756257
1822898
10362
1733819
851733
1560728
72926
611438
79622
1292
999053
2105842
55377
1562119
1305021
715046
899250
551829
263094
1546733
1595431
811634
44177
1345591
1117936
1691566
1974153
943910
806099
1169354
2078374
763852
112075
1908674
301097
1423477
1628478
1356172
1699368
1942748
588189
1047186
733438
316315
1996
366150
1546071
1859324
1123177
1271362
707531
272977
15112
2138987
1994487
406183
837685
884062
776264
1427477
625085
377629
1323724
2033773
975815
634077
1420662
1338745
1524127
391890
685787
269328
817203
1718803
1415403
873362
2011505
375753
1359745
615115
1574314
469809
496810
1183612
807173
1550875
700184
531095
2001699
1454743
301423
1125141
858981
1770554
325741
825344
774643
1024920
241894
1690295
2136087
787387
1868378
2109469
896083
2034757
227068
1977709
1534240
1842252
2145192
1157388
1172488
470157
971554
2091789
1598434
946840
214235
542155
663402
1245586
1094131
689625
806610
1733040
1586726
550713
736599
1608280
4087
567644
118858
1860345
589392
701391
560583
1297467
2076169
1674783
1332276
439647
306846
863441
1773668
1274071
1549004
909643
2066202
1837359
901363
250703
1673540
654601
995224
1090437
415746
1083385
1694641
397397
789279
1688485
1607550
1048124
542179
2086047
35030
183421
1088932
1617714
1364204
634479
746782
83318
329452
232062
1460410
1942642
790900
147865
1732351
1423963
1898507
849576
729112
1154759
71371
1350183
461310
1056745
764059
474836
1711129
88012
1755658
1613209
1800276
436366
1071500
1792993
1969166
778321
1867985
1328823
1436590
526046
1984764
451
832148
1136680
146032
1735384
1479556
1593527
566267
167853
85606
1825851
958470
278341
139617
2097480
1104360
2128976
1323938
217522
1240329
1308787
842406
149021
1830105
188211
1234898
855362
219268
314571
1700842
1298783
1806999
570218
1628184
1014670
522433
1077668
1896819
1088807
380401
246283
171113
193012
1239225
932063
1734142
2023454
164860
759586
1690445
1918813
118950
862111
1446704
1648720
1591365
1270794
2101131
590871
422302
355626
1720756
731555
602847
1308221
1614486
869973
311573
1462260
569883
928550
2097993
1178503
979744
355564
789266
115132
20468
1997241
449771
528692
751093
838165
1746798
1214818
1273748
1620708
1954440
79064
363309
754200
2092843
1564341
1703726
1996021
99670
490104
864266
1985078
530783
900196
1275491
161630
89219
157666
987649
162746
65357
1837632
1393905
1717251
1390930
1344728
674068
1733717
1560067
383471
598816
877283
1528042
1314545
2004048
515819
1657900
1604933
1848464
443381
1890157
626430
1161627
1960745
1613634
701228
160847
1584515
1603312
1027264
1526049
1801157
762163
572425
1771299
870408
235081
468628
1691184
1334049
370161
284137
1475984
628539
734773
629285
613946
269893
992418
1215916
13355
1577448
491316
788523
1097538
1662388
1619384
2051277
205322
1036734
1617603
1490077
1043885
217316
566704
2099950
795352
1825494
1443669
2049250
1018435
706352
152420
1249804
866315
52274
1693904
1386392
1949462
2124115
460368
1323156
231265
1115878
2018939
2064009
2129302
1904495
1711295
1620897
1232152
584975
209502
869823
185663
1644767
550151
1363742
1794970
449827
1350417
682459
1202219
672846
246417
697036
94897
22548
596996
219170
1996030
1486182
760203
2017992
175221
534147
327713
26069
718056
934094
1597790
1339196
965263
957142
679982
206835
1821959
1759409
538794
1837196
1306994
1771590
1286667
467524
1074178
298985
190686
1997281
1187981
1181734
2017588
1417928
1916849
756400
870844
1956115
925573
2049182
2145959
1041565
173692
8857
1536603
261597
1786662
1755262
144863
57348
157707
1168442
1506046
168867
660125
1000315
545412
2060438
1251337
891782
1720548
1161227
343087
487228
1017248
150400
929040
1624059
253513
880615
289788
1152819
1755149
626039
1912153
1481715
840363
1881519
671897
942882
1455801
901279
1076659
468618
1386576
364806
444912
2057934
306944
1867435
130428
337174
1184505
1399750
693495
1982070
1242226
950628
1414023
307976
718692
530053
105547
192071
1243614
1792890
1629416
237746
1265488
827547
2059364
453533
1854777
1683215
393433
759558
1073587
164389
16938
162281
2006479
1827104
509000
1766293
969758
1763891
1043226
1591938
1604114
2022491
683578
466814
707044
2040444
184192
476779
2127957
521416
2117307
2030310
1479224
746374
1670451
694453
1041910
1130313
1085488
732783
1481169
824594
58838
402019
1798382
113219
1516381
727251
372662
587133
1295202
308800
1777210
1096834
356591
580120
65988
240966
2075448
326332
1707371
1018437
1581084
248232
1936002
729622
1673798
1001954
118002
339303
952914
226740
457561
334763
842800
441483
256501
165393
1545489
1595716
456298
1368658
1398338
1023368
1970917
1762745
302806
1690340
1305136
1658423
824293
1656330
1825873
1605791
1726126
1616309
1318647
24139
845898
1251193
1574298
426587
418258
739799
1837019
85323
1468009
1605518
2137139
777878
653659
321620
571935
1895065
797055
2121824
739435
1212604
1730801
1655424
927849
2145078
1986274
445992
513718
1994195
442965
1379115
996968
1863325
612112
595562
1580918
1626821
136809
1304753
167032
1670284
610364
1286172
1258673
843690
1578807
578947
2085381
52314
1947488
780442
1195125
1852783
506040
192676
458275
360773
60168
1894181
2135448
1649899
587939
1682788
802679
2124606
1065601
28775
1671307
1309739
95989
491588
866417
1703742
1488817
1491018
11271
1354822
1670671
1718043
185357
1124702
1716219
1410936
746946
1716809
542490
781373
377150
392272
1452668
1312349
375083
972066
1604434
1057732
384405
805870
2027676
2014624
549141
1787893
1034121
1284211
1492853
739666
924451
991667
1286476
2062365
145180
379726
438199
185263
24419
1113180
1167747
797340
1676148
21441
1688800
2103042
670673
238923
513384
202771
2106563
1969329
546176
1269408
239386
2082717
1089776
1814208
1343847
1805755
58447
1826902
1834212
1288585
1430257
891229
355373
2015709
1304690
840519
554605
230439
540984
842389
1625440
115509
1986340
1033676
1279224
1358620
1768000
118606
202501
192316
33588
1533073
1971937
14088
300146
88309
608433
638838
1205703
554228
1883154
1827264
468184
793594
636068
2081274
1889163
113580
1016315
820830
1574677
1320899
396737
1427494
2125060
978267
1318184
1431100
2079934
1818699
837571
227315
1654413
936999
1891184
602708
2098541
1448535
1307131
768058
41861
48228
1284556
992378
1121488
958652
1733238
1422792
1353303
682091
1700432
1771885
550087
678670
1782751
412406
1998596
1615579
1228361
1475775
1170405
1925506
682974
2004321
127581
1618785
1672689
625410
283683
567092
254811
1259088
752629
969445
895875
498364
659630
1179585
991907
1965844
114090
1710021
1744665
291178
1921381
1566747
708117
1769308
392008
987930
2036899
1156090
2027481
854124
985474
492529
86853
1579017
1610431
1520076
549201
1572698
422991
1552842
2023150
1985757
1443001
1735886
1701389
1460630
1039891
1893134
864414
429001
319293
143648
1337
957223
1404979
131642
628410
1356003
176346
1348774
754277
840244
844696
151319
1115600
946999
834865
471932
1816260
1466393
244968
1303381
670646
798394
947676
1637032
1804983
358474
1498526
779826
67776
424229
116119
1806375
1908441
234816
401420
1917054
705430
1342832
631962
1839121
390676
909356
1502656
686494
136605
111120
610103
483876
398668
659155
400890
400503
1035788
129080
1324041
1036980
166509
1684575
463146
1305356
1394971
615330
813160
627266
2090843
2089987
461494
1704382
135486
1059127
407813
2053219
767753
476133
1306149
1543150
449227
215143
460169
436597
307318
13519
1863289
1311206
259932
1091426
274793
1898423
1566617
1241108
626624
1253830
360321
1860568
1941656
2065581
92742
997020
1272456
1111387
235162
455803
125364
1411549
1706050
1512088
1863047
237813
1473423
1924617
944951
183231
809253
424650
336479
339319
742915
1036140
1571645
1551829
1123984
704522
1844125
1887101
1540589
186527
1014187
1819758
495078
1529941
1100198
1342521
1292799
417582
1256351
244045
1571534
1353503
1681222
445829
451854
1435456
966561
560076
1870877
1795675
379053
1712821
1591231
97801
1289478
1145962
673007
1601584
1385945
1701314
89877
1455821
165338
628018
685366
1487706
791214
1289421
1182652
1398301
496891
655295
854242
1597408
2006743
1283728
1806275
339647
216568
865728
656923
1201023
730537
1832393
1028262
568011
1805978
853263
1784473
1057417
2020156
1945709
2037926
104642
388563
1747188
1014659
1818765
593530
358494
303574
1928802
26458
650306
454917
1932108
1567212
357240
448436
1609185
452226
396336
2105090
1823363
557941
1109865
993147
1563652
367118
449881
389984
1400914
507037
250119
207743
1591310
1560116
1565481
1220415
363314
1029329
555381
64069
1766153
2019340
1532008
1657447
1012134
1284021
2129273
1246070
1438277
794406
2002653
631789
1496580
953641
1861798
2078670
248778
2068444
678386
236139
1964649
534062
1918750
1858490
1979080
266674
774362
500573
1673007
487838
1307840
538851
1386849
1653801
715846
1819712
1927783
2029543
1115054
1255172
2108102
2081141
1117188
2140194
602987
907589
544360
1602195
550658
641790
1678501
1146655
1898909
96617
1345079
121192
728351
1430005
1505447
890357
1748520
423029
1724650
908802
176905
327209
1418474
806224
1116637
832868
768938
1796441
252651
299593
1090815
329496
96969
1271538
1859696
1905262
1937301
1243008
1796337
1929781
1477917
2132937
1046551
683673
1126524
1225294
761811
536508
1760994
1282476
1810641
2099022
1993708
1108581
1401921
1514183
2113716
651845
1548424
873266
698682
462629
1334299
1364330
1879825
1609983
310149
1954244
846169
116575
1768951
295273
594376
1279305
1917446
843496
108939
467251
1672328
1725309
351476
866639
1737186
735232
428473
419500
739428
106
290128
1022550
188130
1077947
1478169
1560720
1771251
2030892
978924
194768
491966
1915726
1821649
1957235
1481532
1535843
1671689
2063620
143117
115607
600735
218245
368423
755035
1633487
1597009
963333
663926
1410131
353987
2130804
703917
645341
1461024
1701220
393810
95492
475100
86253
713029
1286973
899599
342741
232655
455201
836778
1473430
350324
643636
1032182
874153
1733099
697652
1980513
713769
137228
235392
995438
1549826
1312871
61542
408177
1496693
568401
741151
1939633
349609
1170195
223995
1006903
1140521
1882028
1499022
1061478
1320947
444032
2031287
1666658
1007449
1451916
399970
2108231
1272229
1253415
1154430
854858
1456001
197262
1475093
609754
376213
1752048
755636
1710920
1791357
1089924
335689
955337
1109581
982818
539997
26880
1579603
1129658
1028873
802225
435774
504959
1137787
1261641
1102654
278198
802188
1274135
1966669
868205
1114581
957222
840626
560843
1875713
538649
862337
956548
76429
464100
607748
1014442
951431
1363353
1784678
1706822
82094
457108
64943
1554618
1507948
1879439
1350813
1434976
1213598
432066
2067293
968471
1150108
767534
1660544
1220286
523607
1859380
1133616
1792139
304802
1323680
1668484
662872
185420
1082244
1248711
425989
1786802
1877131
1492015
1915058
922649
1612265
1074578
799388
541087
1901344
577355
605529
308981
1935511
1788929
286204
1980430
205695
1705027
1215062
960050
85585
773773
744047
1205118
992576
1905042
1350623
464775
42206
2077149
1288951
187541
2063391
2141418
218923
226322
1745392
52118
1177545
1724551
1736657
1816291
992934
832786
830490
400197
1256762
465216
46117
1829231
1291347
73908
374964
170600
599818
1719132
939146
298696
315510
1516602
731593
349651
558066
772718
1223756
1640613
982757
285942
1462681
1126816
1992293
6493
1599925
703524
938120
693788
341902
661467
508675
1424964
509504
352300
1631440
46564
1901513
325040
1637826
1054623
786276
888651
1775273
977399
1777202
1871233
772541
2037473
623535
1053504
452343
801598
1787366
48887
560328
596766
1546140
857841
1772608
1475791
2131204
545268
893355
1702733
1713626
2028970
1813875
1833757
1267004
1227907
1443771
1242263
1199588
557789
1891600
1544532
997853
2095601
1150512
217722
1508267
1071117
2088670
153793
115035
689312
1558277
1353904
1683454
1504746
1613863
1731333
561413
8128
436822
1995377
465880
1124832
2061606
1994243
1719651
321649
755103
389166
1057773
321680
1042957
980296
1070051
1615312
1598119
1197562
1146257
470282
332974
626714
1094339
1899057
856301
1594273
1130024
1924816
926224
1930295
511419
1373188
823682
1859621
854801
612705
852479
653407
1047033
1639470
111647
1630716
2062963
710990
951800
1908383
667290
93478
1663129
739540
831173
1148634
1894242
1785760
1488554
898917
236460
2014360
861943
1647968
1606629
943933
771243
1393822
703237
795705
386215
1616953
1750394
1472855
1820577
5489
1902315
403122
1167203
2101449
1523014
430272
1377872
2104218
1162178
760356
829404
1285144
15231
921857
269738
312072
1486880
1432437
95010
1564721
428633
170463
2073447
726866
1514213
820913
1783614
470913
234072
1308438
1143121
1406629
602274
1466763
615452
132685
1636779
716015
325930
477923
2118156
2019058
1953489
11801
67929
219903
28961
264701
49076
1822774
482706
821209
83796
1917157
1155257
843744
781337
607475
1423610
369335
210484
634890
1374166
219677
1874003
631234
1006535
33442
103419
1672803
612824
101537
1999962
2057690
1244088
586062
1415856
340873
1334162
555695
769865
99291
1324828
2118778
1249308
1587137
265075
1958706
121950
673226
1233322
1663916
1060622
407564
389463
633655
498080
1792595
1745323
194851
126891
1405391
435076
2096470
181866
295448
178913
280518
309694
948034
571973
1967704
196175
1389912
2075805
343308
540484
1165969
138440
999698
1594967
1579792
1037758
1878796
698125
1601138
381136
1084417
1211835
905434
1637516
1494060
96263
1560819
200173
765954
883505
1810528
283787
1904010
1025798
758623
133312
1339098
1933324
1852863
270814
570432
1127197
1754699
402268
1713870
840572
1796321
2105261
1231582
155672
829842
566089
760294
368885
286645
568085
1100059
715292
127564
1190611
930316
509905
615889
1001983
1805372
1841734
123248
776323
131625
1782192
1674117
1371508
891234
385575
1494083
1534072
598857
868134
1438604
786956
12633
2029182
1955353
227122
2103689
2064983
738889
1079453
1353326
1657230
426520
842361
1114891
1675960
1999856
287253
1747923
460639
1842341
709753
1891783
1472125
494441
1877911
468317
1603592
167816
850078
1622192
1542127
166562
79024
1159694
1533545
1394606
1496945
130649
1659288
827218
1032478
676433
394868
624790
1030272
1633362
1495834
977754
261799
1562431
495898
452727
253037
921705
735978
761834
1109451
562613
787269
702253
1197726
1056616
1177091
709285
672487
1523836
1846728
962795
702175
675626
1041163
810553
458630
17747
205500
1006868
1416738
136921
51591
941555
1153943
1257860
1036774
1189382
632235
995090
738665
547687
1587397
772180
774473
1627161
1787373
1934295
1883993
1730750
758787
51103
2075968
1020458
736593
1715171
1825427
1361628
1359958
1193342
959276
1738921
1892907
383659
1596176
1027457
965335
1910136
1870553
2062046
2003104
191073
1705418
599481
2032156
858629
537545
1153991
217426
1145156
517564
2053960
1767091
1000110
418904
122375
883118
960650
747614
982921
601841
814995
224234
1765793
1118676
634991
997135
889936
636493
136288
1309573
1035697
373588
1078299
1029308
678057
1941851
1451474
622705
1318023
426731
1076196
812454
401169
1727827
578759
922939
1256063
1803721
946837
1683094
2140797
1385232
1111595
168633
724477
1914369
1902433
1562494
708966
1338808
1208001
481142
767860
1900880
1029054
264861
2050447
181854
1950877
839518
639252
861086
1873635
1717321
1056727
625625
626661
1028239
572789
544338
608738
342419
1303710
1304948
930063
1815083
1967874
1996895
1331081
1356269
526883
1220801
2024358
477973
879867
1850057
1649344
1535890
1459177
521449
1671454
14129
929158
1323324
1428189
1000784
372508
885661
126070
1784968
801088
649661
1702317
32241
572351
847428
1256084
1088815
1132589
1859361
2064016
2029789
60895
1059705
912447
910390
144214
994921
2043525
595762
501770
1765138
1376688
2026081
626139
1929204
323037
1170218
1692164
1400313
110036
1519678
1456524
778031
1187693
1183761
877439
345239
676208
1497674
311717
1250334
311684
1583842
1751011
1274840
249601
1501132
1822775
282123
1646744
623828
623293
1565383
1424895
1571879
627393
2100914
1061616
1024598
401111
1524215
1144432
1143935
767548
414349
294928
192382
454923
509316
1787154
677044
81680
1260793
1737580
814837
2113286
1298548
581834
502938
1604514
1767961
1430723
876830
24775
897085
518136
728844
1444702
1652097
334175
137056
1628357
42489
677471
486415
1570601
2133919
861552
1447354
540117
1677846
995949
388402
2061844
305251
1538180
1825364
1515795
1514522
3768
705418
1645266
122992
866113
765277
822241
405116
2110232
2115144
1107889
753378
806245
805788
1281170
884930
2095502
532607
1076923
200463
1333107
1100078
1002792
2140761
1461828
591977
603627
31834
1847368
1159682
378735
1984823
682548
1161762
502392
402936
846508
1172416
1106171
963570
1605452
1623741
191857
385084
1734459
1357368
2131867
238608
781812
1210251
1664433
342885
26490
256380
2145163
1759986
1579736
1000134
456296
1208215
1884561
1561021
2104681
1363325
579359
1714286
961978
1012520
520820
1793564
765672
397602
530625
781798
543513
699879
1194145
537048
580190
976219
915327
1597905
428507
1236229
1250057
1546745
619265
905517
89629
1980906
919050
262996
62091
1040942
1201287
1376977
1055336
1024421
1013800
371497
165462
407052
691901
959991
1696192
1578296
281382
1191555
607081
823094
1297689
1644793
63893
1623544
1515924
428940
714813
1382411
1280076
877170
1402080
1605181
797507
402738
339352
660350
1279792
1529940
2037370
797852
1529071
127128
123295
1253438
663079
793456
320315
294084
1332589
1201269
1590342
132627
1371823
1789482
1324733
993213
1389622
1824719
2116951
518383
854016
1390734
1342461
1416176
527314
1207518
1341592
1448803
1878813
1833610
86316
43799
1933894
1672877
2021858
97572
621124
819688
1897312
2111535
1386836
391501
1955752
1914591
825000
1775415
222899
1186807
1509570
854673
1292966
1296188
17921
427075
376904
1424408
1948605
1296599
532288
15946
474125
1539672
983051
1787067
1149706
608063
965080
2104868
1025707
452706
1201946
1890092
1815260
1552293
1704291
2003359
847859
1703682
467764
925860
1442071
1195280
1765479
1969552
838533
366061
653997
1095125
1168307
4916
1557973
526138
1653085
1402917
713811
1194040
1400619
1705045
1284560
1026442
1486213
1108890
1589712
1370501
1655979
881694
46479
1712302
620310
124471
728666
2103471
385992
2086533
1250906
1971501
418368
1791897
178028
1002736
450459
56953
314663
558209
866699
1155272
294243
521096
1370356
1801496
1780538
2143623
344346
1483959
1421754
774724
1191404
1392110
187785
1882068
1128256
1874862
757746
1193651
981080
1789969
16657
98930
1591935
805783
133844
44103
240934
2049494
2099401
1591527
2006599
547499
265513
617910
784627
1624754
467001
21640
36483
1008485
2116428
138316
1905859
1691232
933601
526255
1161185
1172233
448647
1160661
934881
476435
1853021
1591783
1911334
911879
1871616
1259602
229443
529769
452421
1829239
1289584
2098499
135580
514917
972983
1092608
1187330
264986
511446
2048897
794094
1655339
97032
93280
568879
268475
1931375
942790
1704684
1936399
590823
1381209
1106905
164628
58949
1557059
1498074
785507
314265
874832
399649
2092733
822440
474213
1604380
922708
505117
319510
1565244
1688788
419155
439892
1568249
760281
681475
1086232
282473
979827
481432
661663
1623542
148810
934217
1026688
1210815
1090711
1021949
1106229
670553
523792
1017305
1087062
1975947
119822
1914837
1522771
762030
1720209
840805
1639849
60302
1671411
1963355
86657
1762968
366779
771007
1328724
1163977
154835
966590
227067
802348
187343
104708
1845532
2110758
589888
1363743
960176
616605
2049025
905993
1691671
1078101
2067490
1072849
1656018
1103251
849347
2123526
874914
1985720
674780
906254
626455
184384
739508
1152882
1711380
2115275
961060
1390352
207352
265250
1443686
639846
921887
1750266
1078748
1724445
1943853
1674336
923558
1595540
365717
1796530
1962917
1301202
1380889
648825
1372243
1387543
1197247
630584
199276
1227056
1560542
979867
804236
1368738
1054156
86373
169277
1916724
2128615
717946
316399
513381
1089908
1166505
452123
683348
602564
725933
1221712
1387896
771149
541388
2116137
1688525
944856
1509201
599102
1031151
530574
601617
889168
342326
55077
1168093
1239766
1907900
559339
449132
2082390
311018
1923477
450715
894608
1372761
1916492
1106237
1257714
2095998
654915
725856
196465
228839
994057
1004733
203247
1078768
1778964
1011824
442824
254398
1127635
126242
688197
1269281
1446782
1056146
1135797
695863
1472381
987071
2046497
1924137
1437453
407290
1602364
1367257
366138
1714851
1194245
1958253
2054065
1480759
1238852
1811012
1219870
1026628
1049460
803916
182881
796929
63475
1502801
712415
1363562
1668911
1397387
734237
1028287
1549674
1777315
2043043
673110
2069959
656958
2324
469693
925522
1378710
1435037
1254384
948593
360885
1038239
951923
1558885
1846707
873042
111608
1553101
678294
215590
898285
507056
302891
1488225
805177
1924954
416618
549771
1432573
551927
618843
932418
7300
2031628
988653
1933773
2058112
52790
1982107
578602
1443377
1176309
2109052
493539
758369
123508
477653
552571
1961362
2085141
939536
1718617
191484
72834
1357254
719895
2094366
134563
1931867
845194
1467110
51736
408817
1080702
1477824
2065448
468586
313138
1732948
221363
961782
1976430
1474595
1299368
1549727
1217762
1594603
1684517
971410
1521969
1140977
1684383
894541
203047
129489
273537
468372
572089
684829
266020
320490
123974
1064686
1964576
540406
2103082
1688952
1578537
45115
1068499
69966
746127
997956
512293
355392
121732
1146163
875572
1091470
1876930
540467
291645
1191164
1627101
2110356
1122050
947879
1927182
1020234
1742705
1885008
1774438
1363322
1128302
1843444
1172578
417238
2028251
78704
1740331
2085629
877792
1145148
382544
1539702
1552736
1338218
1496063
958559
951487
443263
737586
735470
1135735
71993
149879
1742085
1682073
1338318
1853031
1030678
644181
1768981
1992572
748862
1278115
312393
1391239
1295169
33992
827269
358510
633553
1430357
2041561
1649919
561996
347466
275209
1666790
565324
1061297
1000174
2113336
1502582
1769251
298766
33994
1085591
1303513
1473005
112675
1676893
1195072
859310
1837952
278221
1204827
1282689
2055045
1058284
29939
782489
65191
520426
1441799
2067158
824673
87183
732890
810634
1452218
73920
993219
1974654
1162520
374401
417982
1366494
1402810
1812753
331851
925657
281372
1512594
30649
1575066
703094
1773626
572388
1782536
169702
855780
1246480
190238
1288023
1978257
525916
1273568
2070553
1556990
544504
1036415
1199279
581729
6655
530241
578042
1955885
82007
272059
1428323
1158439
536677
2089737
108528
589383
14533
769359
193650
17945
443585
646896
1444689
219350
41059
355957
229644
313163
948811
2027895
1125922
1508907
596550
403694
1971802
719689
356474
612646
251560
786416
122907
11724
721724
658673
605905
2140566
24511
1635306
1946156
2006633
125058
1942877
1937147
582703
958835
1239160
932501
478287
387655
985650
1184842
1523199
2015290
1259250
118959
841333
1638257
2061524
2061431
514692
1915411
1438396
573511
1730295
1283962
1504136
2110082
191030
18285
2118227
858097
603311
1901202
1406194
491856
442779
1744970
1614859
486259
1809451
1131281
1402608
399434
407060
655166
1284288
1316172
1639869
1858761
1685444
851751
1221088
615374
41154
278404
989083
302064
2030376
142953
1507528
1083839
1456399
1990480
1338032
1683000
947310
2046864
1504264
1520573
1625643
1576618
301597
582692
1387816
403094
1185893
1141244
1618797
165672
1211681
1859899
1563811
1036486
911587
75329
1893967
114220
1352722
489958
1592530
748268
718207
659712
644199
811921
753133
1541529
1527289
669722
201301
1676832
545883
912664
1243374
546033
576066
526740
772091
1774070
794176
1894163
1891428
803980
351235
475461
1368510
1211206
1331607
428147
1672824
937915
888593
1710347
2078215
1498051
1552239
132791
542537
1056491
2130680
1240502
1294965
898753
1917116
903246
261780
662116
1158979
179507
1404142
2142702
651861
1955714
340133
521982
1278299
1614788
1741847
1685977
1723849
523861
433787
1283669
520618
1699396
1848794
603332
316664
238193
2013400
1138668
1643461
1433921
1356009
1829377
797006
2001803
1574170
2126929
280452
649742
1871369
928277
1223508
526581
411797
1986702
1398809
502562
614976
700171
241322
1209433
543754
915202
44623
172013
1010447
1135029
1277837
1677654
1089788
441264
1480560
70144
501190
156347
1720569
1560393
1079942
1930238
605633
1702109
755880
702690
1974920
316148
876478
25796
25422
1009542
321449
1964698
425043
944345
201193
87239
873955
63447
1438782
88840
853228
11201
1795435
1499487
1753031
702962
2020406
2009260
1680088
2074902
1763211
950388
667653
972443
129233
1949256
960871
1256393
318957
192160
1891051
721555
320373
579743
1701724
891986
1472573
360931
1473356
1893173
1351280
1838880
1119393
608431
1279263
292845
746976
900418
1286892
434384
1472466
271057
383243
1345461
1750248
659224
1586719
709447
893379
546190
33481
1775003
1759291
558946
1304117
1469078
2022383
155942
1999814
1980385
273602
774400
1544573
1401834
1629699
1536914
651521
1008172
2076199
1071684
115115
607902
1805121
486585
2080093
743370
963027
109250
1925789
1655333
1110426
1820731
753643
986940
647511
1545828
1853208
1656319
1641910
1974182
1394404
573688
1166797
870534
1862793
80118
1760980
678666
1236702
1247404
1196305
786896
888987
517437
923013
1887387
1495010
756519
900367
1562598
477162
1765674
2022390
312345
729121
1239484
46027
891231
2074384
32325
397079
635939
1906217
872904
1228859
122707
1933310
1195980
1969336
1647936
257284
2039403
1296227
1420728
1503717
624809
938390
1689187
1170945
1469021
1677584
1620314
490903
291767
1032375
13850
931482
2083402
595199
563487
1480000
172141
874480
1537483
341676
561648
852034
447447
793310
1054766
1301604
493271
1712570
1625307
359582
2046668
761159
869377
1845433
231702
104661
1682352
407203
1447200
388647
85368
122356
1695336
2119264
1280619
1050309
142613
617814
1125886
781702
1305698
129882
884944
1277469
1612985
26019
861055
1801733
321517
1937578
822993
934884
2136608
1468958
2103275
480107
68517
800364
1138944
1382869
856010
338228
1953147
192936
198070
2012658
529859
1598602
1053884
314873
371398
2144638
136326
979597
1585487
1171414
2106045
850297
680002
922402
1005284
1355144
1067963
873120
1163126
2066732
474117
242489
1004727
477548
2043124
1615972
1435886
1444869
1251564
1584149
1128613
1745858
196325
2071660
324555
44928
227897
1311944
626392
964879
1223481
1106592
432739
1289257
1547877
1935326
665167
280186
1847653
1302601
636413
955455
117468
1710202
202725
390645
1082140
2043579
1964025
338196
2109452
1430141
345419
1274499
131300
2063383
214092
1801337
634489
524247
1249523
91664
590198
240357
11317
1996860
358678
906100
1582965
761153
1812290
918772
1789162
1682764
472117
1439623
1693502
1883440
475808
559186
2024500
1973036
2002526
258361
974249
303339
121026
757025
278961
2073065
222915
512312
1519224
1244299
2023297
1686300
1098372
712675
1454874
940283
1237373
1895637
1463523
1646065
1471394
1781371
1120304
847263
784788
1896398
84645
1677314
60568
1395012
437233
34428
117612
775048
731218
2144863
740407
1467344
1078211
166877
1323579
523433
1048234
1749097
1367022
1250653
833084
1967222
645967
1929969
1101579
1190577
770092
1401098
1243936
423914
1667435
1697872
2098970
1122789
1143195
1778881
1627182
1320561
1793659
1616341
1078105
1015743
353185
1999743
703380
824477
1030911
457475
416779
1343010
1382592
562682
923823
1738107
406073
526337
2076238
2053325
719859
1790299
756742
2044776
428069
1794253
823193
1738836
1831914
1379940
895025
617967
672926
2051366
2022068
820061
554086
336178
549847
1262480
376218
1786534
2015421
952494
1917973
1491548
1755326
757481
681739
854595
1231301
877937
2061602
640097
347474
1429037
595931
215823
1542241
543498
1404353
677446
1490503
671133
871226
829594
926568
392784
1757292
48505
2013435
1730197
1245309
1659163
435020
2125124
1667742
1856415
424888
1749008
1855988
662028
1712756
233173
1293186
1395332
476681
660506
2063659
1295818
1937
487636
1567647
1439289
2108180
439421
84751
431138
1477655
1148369
416190
1139845
1157725
159978
1187306
1476882
1063244
316911
49820
1227514
1567169
939351
134666
1489443
1457952
1108074
174253
573391
1885715
1168715
624808
1207280
1585101
1256387
733613
1693907
48806
901686
798929
133704
648657
792318
2096408
595059
1550013
1857679
1493356
962480
1925681
897563
1078702
1640335
841585
942391
1013514
568042
498235
1506594
1842464
1590261
1480491
482567
2115237
1442701
889585
564329
891685
1502861
537539
1482249
1677184
250013
420042
1442800
1846133
173571
1891539
1283140
948295
144938
216436
16216
271329
1274732
2032822
224504
1290081
590040
309373
1861871
1795622
803065
2053912
1795242
171775
2048021
931602
687564
1779999
574835
1797912
137005
1550374
90206
1506603
843540
1488249
2018237
1391333
1105647
415375
75495
1099178
1054471
1239842
1056775
1038792
1493098
1655459
459338
90764
453365
453560
1325473
1690664
1273916
1307273
1722254
589527
861207
586105
1498715
745909
172018
1920214
1266882
344515
748334
1923957
1296366
1450604
1259006
2077760
1178828
1444577
1664648
2062845
1453373
1141410
84436
849700
642230
9889
1325449
657159
103303
1757161
315775
1772616
1723216
1775963
1253666
1248130
36901
1175838
777915
1727868
1716694
229195
1544474
803461
1038508
418773
703409
764279
2134705
1791204
253189
342775
370340
1094218
591421
1419890
769299
127954
1450069
1492478
2134248
1454253
538137
664131
1260800
23675
196087
21303
2105439
1298507
354711
1041558
565440
1443173
224775
1775955
553449
2114845
181798
1461803
1000981
1837973
1325079
1891329
308993
318394
1911587
1107683
1869732
2045120
1870424
1959726
1901742
961616
271957
1659230
1486436
564774
897474
1790454
1714129
415024
941738
130746
420618
776209
28254
22062
1684967
104715
244310
1062128
755834
729217
868016
2116765
33296
1801461
1172807
2127950
1909848
1086200
472187
825626
1964293
1968817
408306
133972
1993858
1298678
1851053
20075
1932531
487047
2100147
1355825
744605
2009545
1480290
570606
783350
1490677
1605236
468696
815022
52298
1124021
519268
920099
715492
435918
1065034
957674
855702
586924
1615334
1379179
2084575
1590010
61095
650135
121259
467997
1082560
12859
428803
1984741
1063958
1862029
781435
1717790
1041842
938842
1948887
1213476
751361
134788
1464024
1608082
2125222
1281408
1553012
1671312
24291
1399748
1155263
1574469
1507323
2134807
1488293
1918147
1809102
698981
1158816
1779849
1056333
993546
659789
1207081
904860
142364
1380520
1942913
75853
1959359
349536
1421842
2024222
1161146
370247
1607534
1586062
1875900
1047543
1103925
892845
1278107
756109
1482881
1728050
543871
1117552
762085
556599
1583519
1208983
1459488
807123
46055
893860
2121312
1482163
863113
812482
1840463
171797
1851267
274410
471407
2134983
764325
1987375
1818842
2052387
1179562
1333912
1328365
1618030
302510
131480
1641739
712092
1944088
298204
498952
105424
1396919
926997
515766
2090979
1801773
2041862
1429213
530551
1058278
1281406
1866158
1554960
354378
1238177
1683263
2080437
0
0
0
0
0
0
0
0
0
0
0
0
0
0
0
0
0
0
0
0
0
0
0
0
0
0
0
0
0
0
0
0
0
0
0
0
0
0
0
0
0
0
0
0
0
0
0
0
0
0
0
0
0
0
0
0
0
0
0
0
0
0
0
0
0
0
0
0
0
0
0
0
0
0
0
0
0
0
0
0
0
0
0
0
0
0
0
0
0
0
0
0
0
0
0
0
0
0
0
0
0
0
0
0
0
0
0
0
0
0
0
0
0
0
0
0
0
0
0
0
0
0
0
0
0
0
0
0
0
0
0
0
0
0
0
0
0
0
0
0
0
0
0
0
0
0
0
0
0
0
0
0
0
0
0
0
0
0
0
0
0
0
0
0
0
0
0
0
0
0
0
0
0
0
0
0
0
0
0
0
0
0
0
0
0
0
0
0
0
0
0
0
0
0
0
0
0
0
0
0
0
0
0
0
0
0
0
0
0
0
0
0
0
0
0
0
0
0
0
0
0
0
0
0
0
0
0
0
0
0
0
0
0
0
0
0
0
0
0
0
0
0
0
0
0
0
0
0
0
0
0
0
0
0
0
0
0
0
0
0
0
0
0
0
0
0
0
0
0
0
0
0
0
0
0
0
0
0
0
0
0
0
0
0
0
0
0
0
0
0
0
0
0
0
0
0
0
0
0
0
0
0
0
0
0
0
0
0
0
0
0
0
0
0
0
0
0
0
0
0
0
0
0
0
0
0
0
0
0
0
0
0
0
0
0
0
0
0
0
0
0
0
0
0
0
0
0
0
0
0
0
0
0
0
0
0
0
0
0
0
0
0
0
0
0
0
0
0
0
0
0
0
0
0
0
0
0
0
0
0
0
0
0
0
0
0
0
0
0
0
0
0
0
0
0
0
0
0
0
0
0
0
0
0
0
0
0
0
0
0
0
0
0
0
0
0
0
0
0
0
0
0
0
0
0
0
0
0
0
0
0
0
0
0
0
0
0
0
0
0
0
0
0
0
0
0
0
0
0
0
0
0
0
0
0
0
0
0
0
0
0
0
0
0
0
0
0
0
0
0
0
0
0
0
0
0
0
0
0
0
0
0
0
0
0
0
0
0
0
0
0
0
0
0
0
0
0
0
0
0
0
0
0
0
0
0
0
0
0
0
0
0
0
0
0
0
0
0
0
0
0
0
0
0
0
0
0
0
0
0
0
0
0
0
0
0
0
0
0
0
0
0
0
0
0
0
0
0
0
0
0
0
0
0
0
0
0
0
0
0
0
0
0
0
0
0
0
0
0
0
0
0
0
0
0
0
0
0
0
0
0
0
0
0
0
0
0
0
0
0
0
0
0
0
0
0
0
0
0
0
0
0
0
0
0
0
0
0
0
0
0
0
0
0
0
0
0
0
0
0
0
0
0
0
0
0
0
0
0
0
0
0
0
0
0
0
0
0
0
0
0
0
0
0
0
0
0
0
0
0
0
0
0
0
0
0
0
0
0
0
0
0
0
0
0
0
0
0
0
0
0
0
0
0
0
0
0
0
0
0
0
0
0
0
0
0
0
0
0
0
0
0
0
0
0
0
0
0
0
0
0
0
0
0
0
0
0
0
0
0
0
0
0
0
0
0
0
0
0
0
0
0
0
0
0
0
0
0
0
0
0
0
0
0
0
0
0
0
0
0
0
0
0
0
0
0
0
0
0
0
0
0
0
0
0
0
0
0
0
0
0
0
0
0
0
0
0
0
0
0
0
0
0
0
0
0
0
0
0
0
0
0
0
0
0
0
0
0
0
0
0
0
0
0
0
0
0
0
0
0
0
0
0
0
0
0
0
0
0
0
0
0
0
0
0
0
0
0
0
0
0
0
0
0
0
0
0
0
0
0
0
0
0
0
0
0
0
0
0
0
0
0
0
0
0
0
0
0
0
0
0
0
0
0
0
0
0
0
0
0
0
0
0
0
0
0
0
0
0
0
0
0
0
0
0
0
0
0
0
0
0
0
0
0
0
0
0
0
0
0
0
0
0
0
0
0
0
0
0
0
0
0
0
0
0
0
0
0
0
0
0
0
0
0
0
0
0
0
0
0
0
0
0
0
0
0
0
0
0
0
0
0
0
0
0
0
0
0
0
0
0
0
0
0
0
0
0
0
0
0
0
0
0
0
0
0
0
0
0
0
0
0
0
0
0
0
0
0
0
0
0
0
0
0
0
0
0
0
0
0
0
0
0
0
0
0
0
0
0
0
0
0
0
0
0
0
0
0
0
0
0
0
0
0
0
0
0
0
0
0
0
0
0
0
0
0
0
0
0
0
0
0
0
0
0
0
0
0
0
0
0
0
0
0
0
0
0
0
0
0
0
0
0
0
0
0
0
0
0
0
0
0
0
0
0
0
0
0
0
0
0
0
0
0
0
0
0
0
0
0
0
0
0
0
0
0
0
0
0
0
0
0
0
0
0
0
0
0
0
0
0
0
0
0
0
0
0
0
0
0
0
0
0
0
0
0
0
0
0
0
0
0
0
0
0
0
0
0
0
0
0
0
0
0
0
0
0
0
0
0
0
0
0
0
0
0
0
0
0
0
0
0
0
0
0
0
0
0
0
0
0
0
0
0
0
0
0
0
0
0
0
0
0
0
0
0
0
0
0
0
0
0
0
0
0
0
0
0
0
0
0
0
0
0
0
0
0
0
0
0
0
0
0
0
0
0
0
0
0
0
0
0
0
0
0
0
0
0
0
0
0
0
0
0
0
0
0
0
0
0
0
0
0
0
0
0
0
0
0
0
0
0
0
0
0
0
0
0
0
0
0
0
0
0
0
0
0
0
0
0
0
0
0
0
0
0
0
0
0
0
0
0
0
0
0
0
0
0
0
0
0
0
0
0
0
0
0
0
0
0
0
0
0
0
0
0
0
0
0
0
0
0
0
0
0
0
0
0
0
0
0
0
0
0
0
0
0
0
0
0
0
0
0
0
0
0
0
0
0
0
0
0
0
0
0
0
0
0
0
0
0
0
0
0
0
0
0
0
0
0
0
0
0
0
0
0
0
0
0
0
0
0
0
0
0
0
0
0
0
0
0
0
0
0
0
0
0
0
0
0
0
0
0
0
0
0
0
0
0
0
0
0
0
0
0
0
0
0
0
0
0
0
0
0
0
0
0
0
0
0
0
0
0
0
0
0
0
0
0
0
0
0
0
0
0
0
0
0
0
0
0
0
0
0
0
0
0
0
0
0
0
0
0
0
0
0
0
0
0
0
0
0
0
0
0
0
0
0
0
0
0
0
0
0
0
0
0
0
0
0
0
0
0
0
0
0
0
0
0
0
0
0
0
0
0
0
0
0
0
0
0
0
0
0
0
0
0
0
0
0
0
0
0
0
0
0
0
0
0
0
0
0
0
0
0
0
0
0
0
0
0
0
0
0
0
0
0
0
0
0
0
0
0
0
0
0
0
0
0
0
0
0
0
0
0
0
0
0
0
0
0
0
0
0
0
0
0
0
0
0
0
0
0
0
0
0
0
0
0
0
0
0
0
0
0
0
0
0
0
0
0
0
0
0
0
0
0
0
0
0
0
0
0
0
0
0
0
0
0
0
0
0
0
0
0
0
0
0
0
0
0
0
0
0
0
0
0
0
0
0
0
0
0
0
0
0
0
0
0
0
0
0
0
0
0
0
0
0
0
0
0
0
0
0
0
0
0
0
0
0
0
0
0
0
0
0
0
0
0
0
0
0
0
0
0
0
0
0
0
0
0
0
0
0
0
0
0
0
0
0
0
0
0
0
0
0
0
0
0
0
0
0
0
0
0
0
0
0
0
0
0
0
0
0
0
0
0
0
0
0
0
0
0
0
0
0
0
0
0
0
0
0
0
0
0
0
0
0
0
0
0
0
0
0
0
0
0
0
0
0
0
0
0
0
0
0
0
0
0
0
0
0
0
0
0
0
0
0
0
0
0
0
0
0
0
0
0
0
0
0
0
0
0
0
0
0
0
0
0
0
0
0
0
0
0
0
0
0
0
0
0
0
0
0
0
0
0
0
0
0
0
0
0
0
0
0
0
0
0
0
0
0
0
0
0
0
0
0
0
0
0
0
0
0
0
0
0
0
0
0
0
0
0
0
0
0
0
0
0
0
0
0
0
0
0
0
0
0
0
0
0
0
0
0
0
0
0
0
0
0
0
0
0
0
0
0
0
0
0
0
0
0
0
0
0
0
0
0
0
0
0
0
0
0
0
0
0
0
0
0
0
0
0
0
0
0
0
0
0
0
0
0
0
0
0
0
0
0
0
0
0
0
0
0
0
0
0
0
0
0
0
0
0
0
0
0
0
0
0
0
0
0
0
0
0
0
0
0
0
0
0
0
0
0
0
0
0
0
0
0
0
0
0
0
0
0
0
0
0
0
0
0
0
0
0
0
0
0
0
0
0
0
0
0
0
0
0
0
0
0
0
0
0
0
0
0
0
0
0
0
0
0
0
0
0
0
0
0
0
0
0
0
0
0
0
0
0
0
0
0
0
0
0
0
0
0
0
0
0
0
0
0
0
0
0
0
0
0
0
0
0
0
0
0
0
0
0
0
0
0
0
0
0
0
0
0
0
0
0
0
0
0
0
0
0
0
0
0
0
0
0
0
0
0
0
0
0
0
0
0
0
0
0
0
0
0
0
0
0
0
0
0
0
0
0
0
0
0
0
0
0
0
0
0
0
0
0
0
0
0
0
0
0
0
0
0
0
0
0
0
0
0
0
0
0
0
0
0
0
0
0
0
0
0
0
0
0
0
0
0
0
0
0
0
0
0
0
0
0
0
0
0
0
0
0
0
0
0
0
0
0
0
0
0
0
0
0
0
0
0
0
0
0
0
0
0
0
0
0
0
0
0
0
0
0
0
0
0
0
0
0
0
0
0
0
0
0
0
0
0
0
0
0
0
0
0
0
0
0
0
0
0
0
0
0
0
0
0
0
0
0
0
0
0
0
0
0
0
0
0
0
0
0
0
0
0
0
0
0
0
0
0
0
0
0
0
0
0
0
0
0
0
0
0
0
0
0
0
0
0
0
0
0
0
0
0
0
0
0
0
0
0
0
0
0
0
0
0
0
0
0
0
0
0
0
0
0
0
0
0
0
0
0
0
0
0
0
0
0
0
0
0
0
0
0
0
0
0
0
0
0
0
0
0
0
0
0
0
0
0
0
0
0
0
0
0
0
0
0
0
0
0
0
0
0
0
0
0
0
0
0
0
0
0
0
0
0
0
0
0
0
0
0
0
0
0
0
0
0
0
0
0
0
0
0
0
0
0
0
0
0
0
0
0
0
0
0
0
0
0
0
0
0
0
0
0
0
0
0
0
0
0
0
0
0
0
0
0
0
0
0
0
0
0
0
0
0
0
0
0
0
0
0
0
0
0
0
0
0
0
0
0
0
0
0
0
0
0
0
0
0
0
0
0
0
0
0
0
0
0
0
0
0
0
0
0
0
0
0
0
0
0
0
0
0
0
0
0
0
0
0
0
0
0
0
0
0
0
0
0
0
0
0
0
0
0
0
0
0
0
0
0
0
0
0
0
0
0
0
0
0
0
0
0
0
0
0
0
0
0
0
0
0
0
0
0
0
0
0
0
0
0
0
0
0
0
0
0
0
0
0
0
0
0
0
0
0
0
0
0
0
0
0
0
0
0
0
0
0
0
0
0
0
0
0
0
0
0
0
0
0
0
0
0
0
0
0
0
0
0
0
0
0
0
0
0
0
0
0
0
0
0
0
0
0
0
0
0
0
0
0
0
0
0
0
0
0
0
0
0
0
0
0
0
0
0
0
0
0
0
0
0
0
0
0
0
0
0
0
0
0
0
0
0
0
0
0
0
0
0
0
0
0
0
0
0
0
0
0
0
0
0
0
0
0
0
0
0
0
0
0
0
0
0
0
0
0
0
0
0
0
0
0
0
0
0
0
0
0
0
0
0
0
0
0
0
0
0
0
0
0
0
0
0
0
0
0
0
0
0
0
0
0
0
0
0
0
0
0
0
0
0
0
0
0
0
0
0
0
0
0
0
0
0
0
0
0
0
0
0
0
0
0
0
0
0
0
0
0
0
0
0
0
0
0
0
0
0
0
0
0
0
0
0
0
0
0
0
0
0
0
0
0
0
0
0
0
0
0
0
0
0
0
0
0
0
0
0
0
0
0
0
0
0
0
0
0
0
0
0
0
0
0
0
0
0
0
0
0
0
0
0
0
0
0
0
0
0
0
0
0
0
0
0
0
0
0
0
0
0
0
0
0
0
0
0
0
0
0
0
0
0
0
0
0
0
0
0
0
0
0
0
0
0
0
0
0
0
0
0
0
0
0
0
0
0
0
0
0
0
0
0
0
0
0
0
0
0
0
0
0
0
0
0
0
0
0
0
0
0
0
0
0
0
0
0
0
0
0
0
0
0
0
0
0
0
0
0
0
0
0
0
0
0
0
0
0
0
0
0
0
0
0
0
0
0
0
0
0
0
0
0
0
0
0
0
0
0
0
0
0
0
0
0
0
0
0
0
0
0
0
0
0
0
0
0
0
0
0
0
0
0
0
0
0
0
0
0
0
0
0
0
0
0
0
0
0
0
0
0
0
0
0
0
0
0
0
0
0
0
0
0
0
0
0
0
0
0
0
0
0
0
0
0
0
0
0
0
0
0
0
0
0
0
0
0
0
0
0
0
0
0
0
0
0
0
0
0
0
0
0
0
0
0
0
0
0
0
0
0
0
0
0
0
0
0
0
0
0
0
0
0
0
0
0
0
0
0
0
0
0
0
0
0
0
0
0
0
0
0
0
0
0
0
0
0
0
0
0
0
0
0
0
0
0
0
0
0
0
0
0
0
0
0
0
0
0
0
0
0
0
0
0
0
0
0
0
0
0
0
0
0
0
0
0
0
0
0
0
0
0
0
0
0
0
0
0
0
0
0
0
0
0
0
0
0
0
0
0
0
0
0
0
0
0
0
0
0
0
0
0
0
0
0
0
0
0
0
0
0
0
0
0
0
0
0
0
0
0
0
0
0
0
0
0
0
0
0
0
0
0
0
0
0
0
0
0
0
0
0
0
0
0
0
0
0
0
0
0
0
0
0
0
0
0
0
0
0
0
0
0
0
0
0
0
0
0
0
0
0
0
0
0
0
0
0
0
0
0
0
0
0
0
0
0
0
0
0
0
0
0
0
0
0
0
0
0
0
0
0
0
0
0
0
0
0
0
0
0
0
0
0
0
0
0
0
0
0
0
0
0
0
0
0
0
0
0
0
0
0
0
0
0
0
0
0
0
0
0
0
0
0
0
0
0
0
0
0
0
0
0
0
0
0
0
0
0
0
0
0
0
0
0
0
0
0
0
0
0
0
0
0
0
0
0
0
0
0
0
0
0
0
0
0
0
0
0
0
0
0
0
0
0
0
0
0
0
0
0
0
0
0
0
0
0
0
0
0
0
0
0
0
0
0
0
0
0
0
0
0
0
0
0
0
0
0
0
0
0
0
0
0
0
0
0
0
0
0
0
0
0
0
0
0
0
0
0
0
0
0
0
0
0
0
0
0
0
0
0
0
0
0
0
0
0
0
0
0
0
0
0
0
0
0
0
0
0
0
0
0
0
0
0
0
0
0
0
0
0
0
0
0
0
0
0
0
0
0
0
0
0
0
0
0
0
0
0
0
0
0
0
0
0
0
0
0
0
0
0
0
0
0
0
0
0
0
0
0
0
0
0
0
0
0
0
0
0
0
0
0
0
0
0
0
0
0
0
0
0
0
0
0
0
0
0
0
0
0
0
0
0
0
0
0
0
0
0
0
0
0
0
0
0
0
0
0
0
0
0
0
0
0
0
0
0
0
0
0
0
0
0
0
0
0
0
0
0
0
0
0
0
0
0
0
0
0
0
0
0
0
0
0
0
0
0
0
0
0
0
0
0
0
0
0
0
0
0
0
0
0
0
0
0
0
0
0
0
0
0
0
0
0
0
0
0
0
0
0
0
0
0
0
0
0
0
0
0
0
0
0
0
0
0
0
0
0
0
0
0
0
0
0
0
0
0
0
0
0
0
0
0
0
0
0
0
0
0
0
0
0
0
0
0
0
0
0
0
0
0
0
0
0
0
0
0
0
0
0
0
0
0
0
0
0
0
0
0
0
0
0
0
0
0
0
0
0
0
0
0
0
0
0
0
0
0
0
0
0
0
0
0
0
0
0
0
0
0
0
0
0
0
0
0
0
0
0
0
0
0
0
0
0
0
0
0
0
0
0
0
0
0
0
0
0
0
0
0
0
0
0
0
0
0
0
0
0
0
0
0
0
0
0
0
0
0
0
0
0
0
0
0
0
0
0
0
0
0
0
0
0
0
0
0
0
0
0
0
0
0
0
0
0
0
0
0
0
0
0
0
0
0
0
0
0
0
0
0
0
0
0
0
0
0
0
0
0
0
0
0
0
0
0
0
0
0
0
0
0
0
0
0
0
0
0
0
0
0
0
0
0
0
0
0
0
0
0
0
0
0
0
0
0
0
0
0
0
0
0
0
0
0
0
0
0
0
0
0
0
0
0
0
0
0
0
0
0
0
0
0
0
0
0
0
0
0
0
0
0
0
0
0
0
0
0
0
0
0
0
0
0
0
0
0
0
0
0
0
0
0
0
0
0
0
0
0
0
0
0
0
0
0
0
0
0
0
0
0
0
0
0
0
0
0
0
0
0
0
0
0
0
0
0
0
0
0
0
0
0
0
0
0
0
0
0
0
0
0
0
0
0
0
0
0
0
0
0
0
0
0
0
0
0
0
0
0
0
0
0
0
0
0
0
0
0
0
0
0
0
0
0
0
0
0
0
0
0
0
0
0
0
0
0
0
0
0
0
0
0
0
0
0
0
0
0
0
0
0
0
0
0
0
0
0
0
0
0
0
0
0
0
0
0
0
0
0
0
0
0
0
0
0
0
0
0
0
0
0
0
0
0
0
0
0
0
0
0
0
0
0
0
0
0
0
0
0
0
0
0
0
0
0
0
0
0
0
0
0
0
0
0
0
0
0
0
0
0
0
0
0
0
0
0
0
0
0
0
0
0
0
0
0
0
0
0
0
0
0
0
0
0
0
0
0
0
0
0
0
0
0
0
0
0
0
0
0
0
0
0
0
0
0
0
0
0
0
0
0
0
0
0
0
0
0
0
0
0
0
0
0
0
0
0
0
0
0
0
0
0
0
0
0
0
0
0
0
0
0
0
0
0
0
0
0
0
0
0
0
0
0
0
0
0
0
0
0
0
0
0
0
0
0
0
0
0
0
0
0
0
0
0
0
0
0
0
0
0
0
0
0
0
0
0
0
0
0
0
0
0
0
0
0
0
0
0
0
0
0
0
0
0
0
0
0
0
0
0
0
0
0
0
0
0
0
0
0
0
0
0
0
0
0
0
0
0
0
0
0
0
0
0
0
0
0
0
0
0
0
0
0
0
0
0
0
0
0
0
0
0
0
0
0
0
0
0
0
0
0
0
0
0
0
0
0
0
0
0
0
0
0
0
0
0
0
0
0
0
0
0
0
0
0
0
0
0
0
0
0
0
0
0
0
0
0
0
0
0
0
0
0
0
0
0
0
0
0
0
0
0
0
0
0
0
0
0
0
0
0
0
0
0
0
0
0
0
0
0
0
0
0
0
0
0
0
0
0
0
0
0
0
0
0
0
0
0
0
0
0
0
0
0
0
0
0
0
0
0
0
0
0
0
0
0
0
0
0
0
0
0
0
0
0
0
0
0
0
0
0
0
0
0
0
0
0
0
0
0
0
0
0
0
0
0
0
0
0
0
0
0
0
0
0
0
0
0
0
0
0
0
0
0
0
0
0
0
0
0
0
0
0
0
0
0
0
0
0
0
0
0
0
0
0
0
0
0
0
0
0
0
0
0
0
0
0
0
0
0
0
0
0
0
0
0
0
0
0
0
0
0
0
0
0
0
0
0
0
0
0
0
0
0
0
0
0
0
0
0
0
0
0
0
0
0
0
0
0
0
0
0
0
0
0
0
0
0
0
0
0
0
0
0
0
0
0
0
0
0
0
0
0
0
0
0
0
0
0
0
0
0
0
0
0
0
0
0
0
0
0
0
0
0
0
0
0
0
0
0
0
0
0
0
0
0
0
0
0
0
0
0
0
0
0
0
0
0
0
0
0
0
0
0
0
0
0
0
0
0
0
0
0
0
0
0
0
0
0
0
0
0
0
0
0
0
0
0
0
0
0
0
0
0
0
0
0
0
0
0
0
0
0
0
0
0
0
0
0
0
0
0
0
0
0
0
0
0
0
0
0
0
0
0
0
0
0
0
0
0
0
0
0
0
0
0
0
0
0
0
0
0
0
0
0
0
0
0
0
0
0
0
0
0
0
0
0
0
0
0
0
0
0
0
0
0
0
0
0
0
0
0
0
0
0
0
0
0
0
0
0
0
0
0
0
0
0
0
0
0
0
0
0
0
0
0
0
0
0
0
0
0
0
0
0
0
0
0
0
0
0
0
0
0
0
0
0
0
0
0
0
0
0
0
0
0
0
0
0
0
0
0
0
0
0
0
0
0
0
0
0
0
0
0
0
0
0
0
0
0
0
0
0
0
0
0
0
0
0
0
0
0
0
0
0
0
0
0
0
0
0
0
0
0
0
0
0
0
0
0
0
0
0
0
0
0
0
0
0
0
0
0
0
0
0
0
0
0
0
0
0
0
0
0
0
0
0
0
0
0
0
0
0
0
0
0
0
0
0
0
0
0
0
0
0
0
0
0
0
0
0
0
0
0
0
0
0
0
0
0
0
0
0
0
0
0
0
0
0
0
0
0
0
0
0
0
0
0
0
0
0
0
0
0
0
0
0
0
0
0
0
0
0
0
0
0
0
0
0
0
0
0
0
0
0
0
0
0
0
0
0
0
0
0
0
0
0
0
0
0
0
0
0
0
0
0
0
0
0
0
0
0
0
0
0
0
0
0
0
0
0
0
0
0
0
0
0
0
0
0
0
0
0
0
0
0
0
0
0
0
0
0
0
0
0
0
0
0
0
0
0
0
0
0
0
0
0
0
0
0
0
0
0
0
0
0
0
0
0
0
0
0
0
0
0
0
0
0
0
0
0
0
0
0
0
0
0
0
0
0
0
0
0
0
0
0
0
0
0
0
0
0
0
0
0
0
0
0
0
0
0
0
0
0
0
0
0
0
0
0
0
0
0
0
0
0
0
0
0
0
0
0
0
0
0
0
0
0
0
0
0
0
0
0
0
0
0
0
0
0
0
0
0
0
0
0
0
0
0
0
0
0
0
0
0
0
0
0
0
0
0
0
0
0
0
0
0
0
0
0
0
0
0
0
0
0
0
0
0
0
0
0
0
0
0
0
0
0
0
0
0
0
0
0
0
0
0
0
0
0
0
0
0
0
0
0
0
0
0
0
0
0
0
0
0
0
0
0
0
0
0
0
0
0
0
0
0
0
0
0
0
0
0
0
0
0
0
0
0
0
0
0
0
0
0
0
0
0
0
0
0
0
0
0
0
0
0
0
0
0
0
0
0
0
0
0
0
0
0
0
0
0
0
0
0
0
0
0
0
0
0
0
0
0
0
0
0
0
0
0
0
0
0
0
0
0
0
0
0
0
0
0
0
0
0
0
0
0
0
0
0
0
0
0
0
0
0
0
0
0
0
0
0
0
0
0
0
0
0
0
0
0
0
0
0
0
0
0
0
0
0
0
0
0
0
0
0
0
0
0
0
0
0
0
0
0
0
0
0
0
0
0
0
0
0
0
0
0
0
0
0
0
0
0
0
0
0
0
0
0
0
0
0
0
0
0
0
0
0
0
0
0
0
0
0
0
0
0
0
0
0
0
0
0
0
0
0
0
0
0
0
0
0
0
0
0
0
0
0
0
0
0
0
0
0
0
0
0
0
0
0
0
0
0
0
0
0
0
0
0
0
0
0
0
0
0
0
0
0
0
0
0
0
0
0
0
0
0
0
0
0
0
0
0
0
0
0
0
0
0
0
0
0
0
0
0
0
0
0
0
0
0
0
0
0
0
0
0
0
0
0
0
0
0
0
0
0
0
0
0
0
0
0
0
0
0
0
0
0
0
0
0
0
0
0
0
0
0
0
0
0
0
0
0
0
0
0
0
0
0
0
0
0
0
0
0
0
0
0
0
0
0
0
0
0
0
0
0
0
0
0
0
0
0
0
0
0
0
0
0
0
0
0
0
0
0
0
0
0
0
0
0
0
0
0
0
0
0
0
0
0
0
0
0
0
0
0
0
0
0
0
0
0
0
0
0
0
0
0
0
0
0
0
0
0
0
0
0
0
0
0
0
0
0
0
0
0
0
0
0
0
0
0
0
0
0
0
0
0
0
0
0
0
0
0
0
0
0
0
0
0
0
0
0
0
0
0
0
0
0
0
0
0
0
0
0
0
0
0
0
0
0
0
0
0
0
0
0
0
0
0
0
0
0
0
0
0
0
0
0
0
0
0
0
0
0
0
0
0
0
0
0
0
0
0
0
0
0
0
0
0
0
0
0
0
0
0
0
0
0
0
0
0
0
0
0
0
0
0
0
0
0
0
0
0
0
0
0
0
0
0
0
0
0
0
0
0
0
0
0
0
0
0
0
0
0
0
0
0
0
0
0
0
0
0
0
0
0
0
0
0
0
0
0
0
0
0
0
0
0
0
0
0
0
0
0
0
0
0
0
0
0
0
0
0
0
0
0
0
0
0
0
0
0
0
0
0
0
0
0
0
0
0
0
0
0
0
0
0
0
0
0
0
0
0
0
0
0
0
0
0
0
0
0
0
0
0
0
0
0
0
0
0
0
0
0
0
0
0
0
0
0
0
0
0
0
0
0
0
0
0
0
0
0
0
0
0
0
0
0
0
0
0
0
0
0
0
0
0
0
0
0
0
0
0
0
0
0
0
0
0
0
0
0
0
0
0
0
0
0
0
0
0
0
0
0
0
0
0
0
0
0
0
0
0
0
0
0
0
0
0
0
0
0
0
0
0
0
0
0
0
0
0
0
0
0
0
0
0
0
0
0
0
0
0
0
0
0
0
0
0
0
0
0
0
0
0
0
0
0
0
0
0
0
0
0
0
0
0
0
0
0
0
0
0
0
0
0
0
0
0
0
0
0
0
0
0
0
0
0
0
0
0
0
0
0
0
0
0
0
0
0
0
0
0
0
0
0
0
0
0
0
0
0
0
0
0
0
0
0
0
0
0
0
0
0
0
0
0
0
0
0
0
0
0
0
0
0
0
0
0
0
0
0
0
0
0
0
0
0
0
0
0
0
0
0
0
0
0
0
0
0
0
0
0
0
0
0
0
0
0
0
0
0
0
0
0
0
0
0
0
0
0
0
0
0
0
0
0
0
0
0
0
0
0
0
0
0
0
0
0
0
0
0
0
0
0
0
0
0
0
0
0
0
0
0
0
0
0
0
0
0
0
0
0
0
0
0
0
0
0
0
0
0
0
0
0
0
0
0
0
0
0
0
0
0
0
0
0
0
0
0
0
0
0
0
0
0
0
0
0
0
0
0
0
0
0
0
0
0
0
0
0
0
0
0
0
0
0
0
0
0
0
0
0
0
0
0
0
0
0
0
0
0
0
0
0
0
0
0
0
0
0
0
0
0
0
0
0
0
0
0
0
0
0
0
0
0
0
0
0
0
0
0
0
0
0
0
0
0
0
0
0
0
0
0
0
0
0
0
0
0
0
0
0
0
0
0
0
0
0
0
0
0
0
0
0
0
0
0
0
0
0
0
0
0
0
0
0
0
0
0
0
0
0
0
0
0
0
0
0
0
0
0
0
0
0
0
0
0
0
0
0
0
0
0
0
0
0
0
0
0
0
0
0
0
0
0
0
0
0
0
0
0
0
0
0
0
0
0
0
0
0
0
0
0
0
0
0
0
0
0
0
0
0
0
0
0
0
0
0
0
0
0
0
0
0
0
0
0
0
0
0
0
0
0
0
0
0
0
0
0
0
0
0
0
0
0
0
0
0
0
0
0
0
0
0
0
0
0
0
0
0
0
0
0
0
0
0
0
0
0
0
0
0
0
0
0
0
0
0
0
0
0
0
0
0
0
0
0
0
0
0
0
0
0
0
0
0
0
0
0
0
0
0
0
0
0
0
0
0
0
0
0
0
0
0
0
0
0
0
0
0
0
0
0
0
0
0
0
0
0
0
0
0
0
0
0
0
0
0
0
0
0
0
0
0
0
0
0
0
0
0
0
0
0
0
0
0
0
0
0
0
0
0
0
0
0
0
0
0
0
0
0
0
0
0
0
0
0
0
0
0
0
0
0
0
0
0
0
0
0
0
0
0
0
0
0
0
0
0
0
0
0
0
0
0
0
0
0
0
0
0
0
0
0
0
0
0
0
0
0
0
0
0
0
0
0
0
0
0
0
0
0
0
0
0
0
0
0
0
0
0
0
0
0
0
0
0
0
0
0
0
0
0
0
0
0
0
0
0
0
0
0
0
0
0
0
0
0
0
0
0
0
0
0
0
0
0
0
0
0
0
0
0
0
0
0
0
0
0
0
0
0
0
0
0
0
0
0
0
0
0
0
0
0
0
0
0
0
0
0
0
0
0
0
0
0
0
0
0
0
0
0
0
0
0
0
0
0
0
0
0
0
0
0
0
0
0
0
0
0
0
0
0
0
0
0
0
0
0
0
0
0
0
0
0
0
0
0
0
0
0
0
0
0
0
0
0
0
0
0
0
0
0
0
0
0
0
0
0
0
0
0
0
0
0
0
0
0
0
0
0
0
0
0
0
0
0
0
0
0
0
0
0
0
0
0
0
0
0
0
0
0
0
0
0
0
0
0
0
0
0
0
0
0
0
0
0
0
0
0
0
0
0
0
0
0
0
0
0
0
0
0
0
0
0
0
0
0
0
0
0
0
0
0
0
0
0
0
0
0
0
0
0
0
0
0
0
0
0
0
0
0
0
0
0
0
0
0
0
0
0
0
0
0
0
0
0
0
0
0
0
0
0
0
0
0
0
0
0
0
0
0
0
0
0
0
0
0
0
0
0
0
0
0
0
0
0
0
0
0
0
0
0
0
0
0
0
0
0
0
0
0
0
0
0
0
0
0
0
0
0
0
0
0
0
0
0
0
0
0
0
0
0
0
0
0
0
0
0
0
0
0
0
0
0
0
0
0
0
0
0
0
0
0
0
0
0
0
0
0
0
0
0
0
0
0
0
0
0
0
0
0
0
0
0
0
0
0
0
0
0
0
0
0
0
0
0
0
0
0
0
0
0
0
0
0
0
0
0
0
0
0
0
0
0
0
0
0
0
0
0
0
0
0
0
0
0
0
0
0
0
0
0
0
0
0
0
0
0
0
0
0
0
0
0
0
0
0
0
0
0
0
0
0
0
0
0
0
0
0
0
0
0
0
0
0
0
0
0
0
0
0
0
0
0
0
0
0
0
0
0
0
0
0
0
0
0
0
0
0
0
0
0
0
0
0
0
0
0
0
0
0
0
0
0
0
0
0
0
0
0
0
0
0
0
0
0
0
0
0
0
0
0
0
0
0
0
0
0
0
0
0
0
0
0
0
0
0
0
0
0
0
0
0
0
0
0
0
0
0
0
0
0
0
0
0
0
0
0
0
0
0
0
0
0
0
0
0
0
0
0
0
0
0
0
0
0
0
0
0
0
0
0
0
0
0
0
0
0
0
0
0
0
0
0
0
0
0
0
0
0
0
0
0
0
0
0
0
0
0
0
0
0
0
0
0
0
0
0
0
0
0
0
0
0
0
0
0
0
0
0
0
0
0
0
0
0
0
0
0
0
0
0
0
0
0
0
0
0
0
0
0
0
0
0
0
0
0
0
0
0
0
0
0
0
0
0
0
0
0
0
0
0
0
0
0
0
0
0
0
0
0
0
0
0
0
0
0
0
0
0
0
0
0
0
0
0
0
0
0
0
0
0
0
0
0
0
0
0
0
0
0
0
0
0
0
0
0
0
0
0
0
0
0
0
0
0
0
0
0
0
0
0
0
0
0
0
0
0
0
0
0
0
0
0
0
0
0
0
0
0
0
0
0
0
0
0
0
0
0
0
0
0
0
0
0
0
0
0
0
0
0
0
0
0
0
0
0
0
0
0
0
0
0
0
0
0
0
0
0
0
0
0
0
0
0
0
0
0
0
0
0
0
0
0
0
0
0
0
0
0
0
0
0
0
0
0
0
0
0
0
0
0
0
0
0
0
0
0
0
0
0
0
0
0
0
0
0
0
0
0
0
0
0
0
0
0
0
0
0
0
0
0
0
0
0
0
0
0
0
0
0
0
0
0
0
0
0
0
0
0
0
0
0
0
0
0
0
0
0
0
0
0
0
0
0
0
0
0
0
0
0
0
0
0
0
0
0
0
0
0
0
0
0
0
0
0
0
0
0
0
0
0
0
0
0
0
0
0
0
0
0
0
0
0
0
0
0
0
0
0
0
0
0
0
0
0
0
0
0
0
0
0
0
0
0
0
0
0
0
0
0
0
0
0
0
0
0
0
0
0
0
0
0
0
0
0
0
0
0
0
0
0
0
0
0
0
0
0
0
0
0
0
0
0
0
0
0
0
0
0
0
0
0
0
0
0
0
0
0
0
0
0
0
0
0
0
0
0
0
0
0
0
0
0
0
0
0
0
0
0
0
0
0
0
0
0
0
0
0
0
0
0
0
0
0
0
0
0
0
0
0
0
0
0
0
0
0
0
0
0
0
0
0
0
0
0
0
0
0
0
0
0
0
0
0
0
0
0
0
0
0
0
0
0
0
0
0
0
0
0
0
0
0
0
0
0
0
0
0
0
0
0
0
0
0
0
0
0
0
0
0
0
0
0
0
0
0
0
0
0
0
0
0
0
0
0
0
0
0
0
0
0
0
0
0
0
0
0
0
0
0
0
0
0
0
0
0
0
0
0
0
0
0
0
0
0
0
0
0
0
0
0
0
0
0
0
0
0
0
0
0
0
0
0
0
0
0
0
0
0
0
0
0
0
0
0
0
0
0
0
0
0
0
0
0
0
0
0
0
0
0
0
0
0
0
0
0
0
0
0
0
0
0
0
0
0
0
0
0
0
0
0
0
0
0
0
0
0
0
0
0
0
0
0
0
0
0
0
0
0
0
0
0
0
0
0
0
0
0
0
0
0
0
0
0
0
0
0
0
0
0
0
0
0
0
0
0
0
0
0
0
0
0
0
0
0
0
0
0
0
0
0
0
0
0
0
0
0
0
0
0
0
0
0
0
0
0
0
0
0
0
0
0
0
0
0
0
0
0
0
0
0
0
0
0
0
0
0
0
0
0
0
0
0
0
0
0
0
0
0
0
0
0
0
0
0
0
0
0
0
0
0
0
0
0
0
0
0
0
0
0
0
0
0
0
0
0
0
0
0
0
0
0
0
0
0
0
0
0
0
0
0
0
0
0
0
0
0
0
0
0
0
0
0
0
0
0
0
0
0
0
0
0
0
0
0
0
0
0
0
0
0
0
0
0
0
0
0
0
0
0
0
0
0
0
0
0
0
0
0
0
0
0
0
0
0
0
0
0
0
0
0
0
0
0
0
0
0
0
0
0
0
0
0
0
0
0
0
0
0
0
0
0
0
0
0
0
0
0
0
0
0
0
0
0
0
0
0
0
0
0
0
0
0
0
0
0
0
0
0
0
0
0
0
0
0
0
0
0
0
0
0
0
0
0
0
0
0
0
0
0
0
0
0
0
0
0
0
0
0
0
0
0
0
0
0
0
0
0
0
0
0
0
0
0
0
0
0
0
0
0
0
0
0
0
0
0
0
0
0
0
0
0
0
0
0
0
0
0
0
0
0
0
0
0
0
0
0
0
0
0
0
0
0
0
0
0
0
0
0
0
0
0
0
0
0
0
0
0
0
0
0
0
0
0
0
0
0
0
0
0
0
0
0
0
0
0
0
0
0
0
0
0
0
0
0
0
0
0
0
0
0
0
0
0
0
0
0
0
0
0
0
0
0
0
0
0
0
0
0
0
0
0
0
0
0
0
0
0
0
0
0
0
0
0
0
0
0
0
0
0
0
0
0
0
0
0
0
0
0
0
0
0
0
0
0
0
0
0
0
0
0
0
0
0
0
0
0
0
0
0
0
0
0
0
0
0
0
0
0
0
0
0
0
0
0
0
0
0
0
0
0
0
0
0
0
0
0
0
0
0
0
0
0
0
0
0
0
0
0
0
0
0
0
0
0
0
0
0
0
0
0
0
0
0
0
0
0
0
0
0
0
0
0
0
0
0
0
0
0
0
0
0
0
0
0
0
0
0
0
0
0
0
0
0
0
0
0
0
0
0
0
0
0
0
0
0
0
0
0
0
0
0
0
0
0
0
0
0
0
0
0
0
0
0
0
0
0
0
0
0
0
0
0
0
0
0
0
0
0
0
0
0
0
