00101011110000000111100000011001011011110101000101010000001100111000000011010111000110000110001110000001000101000000000000000000
00110001111010000011100011000110010001100011001110101111110101000100000101101101110110000001001111111000100001000000000000000000
00000001100000100110110100110001101101010111100000000010110001010001010001101110001010000010100111100111011011000000000000000000
00111111100110110001100100001100001100000100000100000111110011111100100010001011011011010010000011011110001101000000000000000000
00111001010011110100100101101010110110101110010001100101011111000101000010100000101011100001011001011001110010000000000000000000
00011100111110011010110010010000110010000111001101001100010111101100000001010001010101010010000011010101101001000000000000000000
00001001110110000101100110100011001111111000100000100011001100000001000000111010001110110110011001101011011110000000000000000000
01101000011000001011010101011101010000010111010010101101001101100001100011010010100101110011111001100001000110000000000000000000
00000010110011010010000110010101000001110100000011010000100000100010000001110000100100000001001000000001001110000000000000000000
00111011011001101101000001010100001000000110100000001111001110101100000001110010010111100100111000000001001011000000000000000000
01001001100000010100010110100110100111001011000110100101110010101000010101101101000001010100110000110100111001000000000000000000
00001110010011110110000110111110001101000001011100000001111111101000001111100010111110100011001000011011100100000000000000000000
01101101010101011001000011001110111010110000000000100111101001110010000001101011110001000111011100000100000100000000000000000000
01011110111000101111100100000000110010110001011011000110000101011101101110000100000001000111001110000111110110000000000000000000
01010011100000010000000011101100110111011101100000001011101101011000110110110011011110010011011001110111011001000000000000000000
01111101110101001001110011110101010001011001001010100100011011111000000101000100111111100001110101100001110011000000000000000000
01111000011111000010010101010101110101000110001001111000001010000001011111001101100000100100111001101011100100000000000000000000
00100111110110100100010100001110010100110011010000100111101111010000110111010011110110010100001010011111110100000000000000000000
01111010100111110011100001010100111111100011010111111110011000100000010110010101110111000101100100000100101111000000000000000000
01110101010010000000110000011011101001000101001101010010111000111101110010011011000110101000000111111110100011000000000000000000
00101000100000111100100110001000101100111000001001110100000110111001001100100011110101100110000010001010010010000000000000000000
01001001011101110001000100111110011110001010000111101101110110110001000001001001010011010100110000110011100000000000000000000000
01001011111100110001011000000000000001010101000110111001100010100001010110001101010011100011011001001100111000000000000000000000
01001001101001101001000010001101010100111010001110000001000000000101111111111100010111110110111110100100001100000000000000000000
01101000001010011111100000001001001111100111001010110010001100001000100011010011010111000110010100111000100111000000000000000000
00011000001110111010110110100100001101000011000100011010110101110000011101001100010111010000000101000110110111000000000000000000
01011010000001010111100010100000000010110100010110011010001011010100101101010001001110100110000111001111110001000000000000000000
01010100110000000100100001011111011000111101001001111111001001111100001101111010111001100100100011011001001101000000000000000000
01011101010001000011000100110001011011001010001011101100001001011100010011001011000100010001100011011010100111000000000000000000
00011000111001100000000100101010011001001100011000001010010000000100101110100110001110110011000100000011011001000000000000000000
00110010011000100010100001111110101011001101000101100110100011101000111101001101011000000011111001110100010110000000000000000000
00001010111010100001010101000000100010111111001101101010011001111000101111100011000011010001100000111010010010000000000000000000
10000000111000011111110110100001001100001010001011011101011011011101111111010010011000110001110010011011111001000000000000000000
01001001100110000000000010101000101111100001010101110111110001100000111111111100011101110001110000001111011111000000000000000000
01110011001101110000100000100011000010011101000010101000111100111100000111011010110001110110000011011010101001000000000000000000
01001011101011100001110110110100010111100101000010010001101011111110000010010010110001100111010001010000010110000000000000000000
00101011101100011111100000001000111011101111011011100101011110011100001011000111000000100000011001000001000000000000000000000000
00001100110111000111010010010010000010010110001101000100101101001001101000100100100110000011111101110001011011000000000000000000
00100010010010111001100011011010011000001111001010101100101111011000101011010110000011010010000001011010010111000000000000000000
01001010101011110110010101100101111010111001010011110001011000001000000010011100001111100011101101111100100101000000000000000000
01110111001101010100110000101111000110000000011011100101011100011101001110101111001100010010111010010100100110000000000000000000
00010101000000111101100100111001101101111100100000010110010101100000100000100010010000100011010100000011011110000000000000000000
01111011100001000001110111110111000110000011011010110100001101010000101010101001110110110110101000100001011000000000000000000000
00110011100010100101110100001010011011001101010100101001000001110101100111101011001001000100111011111010111001000000000000000000
01000011111110010001000111000100101101000100011001010000010110010000100000000101101000010001110010010111101011000000000000000000
00001010110010010000110011100111111100101111000011001111101111110101111011011111101010000011011111111011000000000000000000000000
00000111100011000001010001011100110111010001011001011101110001000100100011100111000101010100110000000111101100000000000000000000
00010111100000001001110111111000011000000101000100010100100111001001001101110110011101010011101111000100101110000000000000000000
00111111001101011000010001110111110011010110000011010111000101111001111100010100001110010100100000110100101000000000000000000000
00011111100000111110000010110101101100010001001001001011010111111001010011101101111110110111001001001000111001000000000000000000
01001100011101001110000101011110101110110100001000100010001101110001011010101111111000110001100000101000010011000000000000000000
00111110101010010110100001001010111111011011001100001000001000101100001111011011110001100010100100001110101111000000000000000000
01001000010101100101000000110000000010110011011110110001100010101001000111101000011000000101101000111011110110000000000000000000
01001110111010000011110111110110001111110011001010110010101011110101111111000111001001000100110110100100011000000000000000000000
00001010011100011100110101100000011000011001010101001101100101001100011011000110000111100101111000000100111010000000000000000000
00110100111111011011100011110110110101000110010001010100111110110001111000011111000011101000000001000010101100000000000000000000
00111000010011101001110100101001010011100110000100001100001111001001011011010100111011010111000111011101110111000000000000000000
01101111101010000000110101111000101000110111000100100010010010000100011011010000101101110110001100110101010001000000000000000000
01011011001100101001100000000000110100001101001011010100100000110101111000000001110010000011110000111110111000000000000000000000
00100100001111100011000010011110001100111000000001000010001111010000011010100101111100000100110010111111101010000000000000000000
01010010100000101110110001011010110100000101010100111101110000000001100010110101011001110101111111010010111001000000000000000000
01011011101010100101000101101010110111111011010101110010010111110001010101010100000011110010000111001000101001000000000000000000
00100000001011100011100011110101010011111111001110101001101001011001101010011000011001010010111001000111010011000000000000000000
00101010000101111011000100000011010100111100001001101111100011001101111010010000100100100000011100001111010011000000000000000000
00110100100110001110110101101011111110111101011010100010001110011101101010100110101100010010110101100000001011000000000000000000
00000001101100101010001000000111011110001110011101110101001100010100000010001100011110010010011100101101110011000000000000000000
00110110001000000010010000011111111011000001001001100000001111110000111010101010101100010100011011010011001001000000000000000000
00011111001011000100011000000101111100111100000000000101010110010101011110000000001010100101101011001000001010000000000000000000
00100110111000110100000011111001000011011001000001110011011000010001001001000100101100000110111111011110110000000000000000000000
01011111000000101101000111110001011100001011000000110110111111001001100010001110100101100011110001000111010100000000000000000000
00100011111100111111010000010010011011100010001101010100000001101101100010111000100111110000101000111101101010000000000000000000
00100110101010011010010111000111001111011111010010100111110010001001101110101110101100000001010001010111101010000000000000000000
01111101101010011011000101000010100110011010000001001101000010010100101010111110111101000110001100111000010001000000000000000000
00011100101000100111100111110000011011011000001010010001010000111000110011011011001000100100000010111001100100000000000000000000
01100000101011101011110001111001000111111100000001100110000010001000101011101011101001100101110001010000101010000000000000000000
01000100000100111001010001000111100010010100001100010100110010110100011100010100011000100001100010100111110110000000000000000000
00100101000000100001010110101110100010101011001111010001011011111101001101011010000110110000001110101111111110000000000000000000
01000100101101101100010000110101011011101101010010010010000101010000111110011111111110010000001000101101100111000000000000000000
01000110000100101101110101010101110001101100011111101011011010110101000001110001001010001000000000111011000000000000000000000000
01100110011001011001110111001001001001111010011110110001010010101001110110100101110101000100110001100010101110000000000000000000
01001000010010000001010111010101111001001000000110010011011010011101101111110111110010010110011001100010010001000000000000000000
00110000001001001101010111111010001001111001011101110100101111111100011010000101101000100100100110100011101011000000000000000000
00001010000000011000000111111111000011000101000001010101110111101100001100111101001011100100011010100100001110000000000000000000
01110000011111110100000110010000001001001011010011000010100000111001110101110100110101010101100110010101100101000000000000000000
00101110110101011001010100101001111110101001011001100101000011111010000010110101111001110101101011100010111101000000000000000000
00100111010000101010100111111100011100001000010100100101011111101001110111110100100110100101000111101010101111000000000000000000
00101111100010001000100010000100101110111111011010100010000000000100101011001111111011100000110110001011010010000000000000000000
01110011011101001111010110011111110100110011010001010011101000101100010110011001111001110100000100100100001011000000000000000000
00101111001100101000100100110001100001101011011001110111100110000000001101100101011001100111000000000000010001000000000000000000
01000100000011000011000101111001101010111101001001101101111010101001001001010100001000110001101111101100101110000000000000000000
01100011101001100101100110111110101100001100010101110010101000000100000001000100000101000000110111111111000111000000000000000000
00101110010010111001000010111100111010101000010110110110001000001000101110101100111000100011001110010000101001000000000000000000
01011011111011100101010010101011011110010101011100101100101101100101110110010101000000110010111000011111101011000000000000000000
00000001010111111101010100111100100100111000001111111010010110100000011101111010001010010100000110000000101010000000000000000000
01111100100101111101110111011110001100101100010100100000001100111101110101001000000000000100011111111100111101000000000000000000
01001111101010100101100001100111111101101010010101000111100100110100100110000010101010000000111000011100100110000000000000000000
01001001111101101100100111100111100110110001000111111110010000010101011010100110010111000110010110011001100011000000000000000000
01100100001001110111100100101010101010100111001000010000111101111101100110000010100101100101000011001001010011000000000000000000
01011110111011000101000000110011001011101100000110101111000000111101001001011100001101010000110100011010001100000000000000000000
01000111100110010001000110001110001110010110011110101011010101111100000010111001101110000011010001000110001011000000000000000000
01001001111011000110100011110000100100100110011001111001100111010000111011011011111100100011110000011100011010000000000000000000
01010011000110000010000101110101000101000101011100101100011101001001100001100100010100000000100010000010110100000000000000000000
01000111000110101000110011101000100001001000010101001011110000100100010000100011010011010011111000011110111011000000000000000000
00101111010110000001110110001100101101110011011100010000011001100000111100011110001100110100111000010101110000000000000000000000
01101011011011001100110000001010011001001100010101101000001010000101111011011000110001000101110100011111100101000000000000000000
00101101011111110100000011101000011011000011010101110110101010100000101101010110110101100001111000010110011110000000000000000000
00101010111101111001000100101001111001010111011001100110111100011100011010111111111110010100111100111100001000000000000000000000
00111100110011111100010001010111101001000000010001101111101111000000100101000000101000110110011000001011101110000000000000000000
00100110110110001110010011101010001100000100011101010110000100100000010110100111110001000101000010100001010011000000000000000000
00001100111100101101011000000001001111100100011111011011011100111100010011000100011100010001000001001111011110000000000000000000
00101110001010110001010100011001011100111110001100100010000011111000010101110000110100010010111101000001001100000000000000000000
00100101101010000011000101001001001001011111000001101010001000000100100101100110101001110011010011011111001011000000000000000000
00100110011101011001110001111111100100000011011111110001010110011000011110100110000000100011001111000111100010000000000000000000
01000101000110110100110100010001110101010110010000101001001001001100101110111100001010100011100110101001110100000000000000000000
01101000110101001000000010000101110100101010010010110001110111110001000111011001101000000101111110010010011101000000000000000000
01001000010001010000010001101001011010001101010111111001111101110000101111110001011111100000001010000110010010000000000000000000
00011101011001010010100011100100011101110000010100110100010000011101110100011010111010110000000011011101100000000000000000000000
01100100010100100000110011110000010011011001010110010101001100011100001001110101110001000110101111011110001100000000000000000000
01000001010000010000000110001001111001111100000000110001010110110101001100111110001110010011010011001001101001000000000000000000
00011110100100001010010101011111101101110001100000101100000100001100100110100010111000010010011001110111101000000000000000000000
00100011000111110100100110010101001011101100010110011010001001110010000000011001000000100001111110011000110110000000000000000000
00100001000011010110010110010001001001100001010111110111100011000100110011101110100001110000000111111111110101000000000000000000
01010100001000101111110011110100101001111100001111010010001000101100100101111101000001000110101010000000100100000000000000000000
00010011101110110001000010011101011100101111011100111011111111101000110101001011001000110001100000011100011000000000000000000000
00101010000101011011110010011000111010111101011111000100010010011100101101100001000000100001101110110011110111000000000000000000
01111010001011101001010100101101101011000101010010110100101011110001000010010011100000100111111101000100011100000000000000000000
01010010000101101110110001011000001001110011011110110100101000010101001100111011010111100110110000111111011111000000000000000000
01001101010010000000000110010111001111100110000001110110110101010100111000011110001110100110001011010011011000000000000000000000
01100000000001100001100100010000111001101100010111001011110001011001011100110011001000100100001001111100100100000000000000000000
01010100000111100001110110010110011110000101001110010100000011101000110001010001010000110101011110110110010101000000000000000000
00110110010100011111000100101010100111000000010111111010100011010000011001100001101010000110101001111111101010000000000000000000
01000011110001010010100011001100001101110110011110101010101001101101011100001000101011100100110010101010101011000000000000000000
01111011100000111101000110100101101010100011010001011111000100110100010111001000010010000000010110011110110011000000000000000000
00000101001000000111010001000011010000100010000011100110011000001101001000000100001001000100010001000101111010000000000000000000
01000100101100110100010000010001000110111011011111111101110101110001010100101010111110000001100101011000111101000000000000000000
00111010011000111101010100001110110100010101001101100011010111011100111100100011011001000100100110000100001000000000000000000000
01001000001110000100000001001001000100110011001001011111100111111101011001111100000101000101011110110001010110000000000000000000
01100111010110100001000110010010110111100001001000111001111011110001110011000000010101000100011101001110100001000000000000000000
00101101110111010011010010010101100010010010001111000011001110110101111110001010010010110111100011010001011001000000000000000000
00010010100010010101100110011011011110011100000110000100110010100001110001011100111001100000100011101100001011000000000000000000
00001011101000111000100000011100100001111101100000100011011010001001010010111100111011110010101100101101101111000000000000000000
01111011011101100010110001001010010010110101000101001100101011111101000101110100111111000101110101100100101010000000000000000000
01010000010101011010010111100101111011100011001101111101000001110100000010011111010011100001010101011000011010000000000000000000
01010100101011100111000100010001011111110101000011101100010111000101110001101010011100000001010001111010011011000000000000000000
00100001010000100010010101100001011111101110000100000100111110111101000011101001001111010010001010001111101011000000000000000000
01001001000111101110010111000000010100111101011100011101110011010101111000000100000110100111000011110011100011000000000000000000
01101010000110111011110100001000111111101101000111010110110100111100110111101101010100010101100111100100110001000000000000000000
01101110001011011100100010110010010001001011010111110011011010110100110111000011010000110000010101100100100001000000000000000000
01011100001110111100010111011000100011000111011011000111000100010000101100000110000000010101110111101000001000000000000000000000
01110101100011111111000111111011010110100010100000100100001110001000001011110000001010100000011111000000001001000000000000000000
00110011000111111001010111010010110010100011011001100011110111101000010110000111101111010101000011100001001010000000000000000000
01001010101101111110101000001000001101111100001101001000101110001101010000010111000111110101010010010011010111000000000000000000
00101001000101101001000001100000100110000001001000000100101100001001101011011010010101000101001001101011000010000000000000000000
00010101111111010110110000111101011110011001001111001110000010000101010000010000001101100101010111011000100111000000000000000000
01011011000110100111000100111011110011111100010111011001011001101001001110110011111010100001000101111011010110000000000000000000
01011100101110111000010110111010101001001101011001100100011111000100111101000001011010100011100111100100000001000000000000000000
00001001010000111110000000010100100111010101001111100101010001101101100110100011001000110000100100110010001010000000000000000000
01111001100110001110100000001110000000011101010000011001101110111000100110111011010100000111010110110010000001000000000000000000
00010011000011110111100001010001000110001000000001110010010101000100011010011001001000010001101100001110101110000000000000000000
01010010000011101111010110011101100000000100010000101010111011101101011100111011010011000000011010100000011010000000000000000000
10000000001001000101110001111101101000101011011011010111101100111101100011111000101110110010110000000010110111000000000000000000
01110001100010000001010100011100000000010110000111101101100101011000111000010010101011110101001111010010001101000000000000000000
01111110011110010001110011010000101010101000000100110101011000110010000000001010110101100110011010010110111011000000000000000000
01110101001010111010010111010110011111010000000000000100100001000100000101000010110111000111011110001001100110000000000000000000
01001000011000110010010011100011010010100101000110101110101011100001110110011011011111000000101000011011101101000000000000000000
01001010101010111000100000111000011001001001001001111110101100110000010000011010011100000001010111101101001001000000000000000000
01100011000001101001000011100010000000111101000111011010000111101101010100001000110011010011110011001001011111000000000000000000
01111101111110010011010001101011001110110101000101100000111001010100101111110001011000100100100011101001110100000000000000000000
00111110111101001001100100110111111110001110000010101111001010111000110101001101111001000101001000000101101111000000000000000000
01100010000001100111100100011011111111011001001111110100001010111001001000101011001100100110111001111110110010000000000000000000
00111100100001011111010011011001111011010100001101010101010101011000000010010011101101000110101010010010011001000000000000000000
01110101010100000000000011101110001111101000011011011010010101001000001100100110010010100101010110111111011100000000000000000000
01011000011001110001110001100100110100010000010011011010000101001001000011111111000001010101101110110011000111000000000000000000
01111101001001111101110110101011110010101001000110110010011001011100101001110011110110110101101110011000011110000000000000000000
01011110010100010111000111101111101101100100011110100011111110111000000101000001111101110001110011110011110010000000000000000000
00101000110000111000100100000100110001000000011101111000000001100101000100100100101001010111000101000110101011000000000000000000
01111100010101011100000100111110000000010011000011011111001111010100110100111001101100100101111010110100110011000000000000000000
01011000010101110000010100110110101111001001001001000111100111001101011011001100101101100000000111111001000111000000000000000000
00111110001110011111110101100101000001100010010000110001101110010000000000110011001100100010100011000111011110000000000000000000
01110011100100000100000001010101010110100010010101000000110101000101010000001001100101110011111011010100011110000000000000000000
01010110100001110111000111101110010110010011001100001110001100010001111101000101100100100000111100010101011110000000000000000000
00000010010100001101010011011001011111110111001111101110110100110100000111000111000101000000110101010010010100000000000000000000
00001010001100001100110001000110001101000001000011011101111101110101100010011000110011010000101100010010010010000000000000000000
00101011001100101101100011011011101110000101000000010000011000001000110100100111010001100100010100110101010101000000000000000000
00100001110110111011010111011001001101111100011100111011011111010001100100000010010111100010110101111010101001000000000000000000
00100000110001000110100110011110011101000111011011010010111000001100100011010101000011110000110100001110101111000000000000000000
01111100100110001110010000011010011001010101000011000011101000111000000111101011101111110100001001110001110010000000000000000000
01101110010000001111000001010010111100111000001101001010000110101100001000100000001001000010000101111100011011000000000000000000
00101010001000001011100111110101111111100110000110110010010011100100101110011001001000100010000100111011001011000000000000000000
00101011010111101110110110011101100111101101011001111100010111011000011100010111101101010011000001011111011100000000000000000000
01110111100110010111000010010011110100001110000011111100110111111000010010011011010111100101011111111011110001000000000000000000
00001101100000111100100010100100001101101100011101000111100000011000010001010001011101000010011010110001100011000000000000000000
00010001011011001000110110110011111101111010001101100111010011010101011100101111001110110011011100111011100111000000000000000000
01110101110110100101000110011110010000110000001001001100110000110100110011010000110101100110010111101100010110000000000000000000
01011101011011010110010010110111010111100000001100110100111110111101100110101101110100010001110000101010011100000000000000000000
01111100001100111010110111101010100101011110010110010001010101110100100111010001001110110100101101111011001111000000000000000000
01101001000101110101100111111011011000111011010100110110001100100100100111100001010111010110110100011010110001000000000000000000
01001001001011110001000011111011100100101011011110011011111110010001001111011011011000110100111110110011000111000000000000000000
01101000110011001100100100111000111001011101000011110110111110110101000011100000111010000010100111010101100101000000000000000000
00100010100110111100100111110110101110110110011001001110110000101001000110110101011110010100111011011010001111000000000000000000
00011010100111001101100111110000000101010001000010101111111110011101000110011100010110000011101011111100111010000000000000000000
00100000001011100110100111101100110010011110000010001010011001101001011001010011000111010000110101110101111001000000000000000000
01011001010110100100000011000001100010100100001011000010010011001100011001001100100001010100100001111000111111000000000000000000
01001001110010110101000001111000000001101110011101010001110000100001001111110111001110000001001111111010110000000000000000000000
01111100000011010011110000111110101101110000000000111111010000000101011100001010010101110101001010001100000001000000000000000000
00100101011010011010101000000011101111000111011101110011111011111101110110100111111101100111101110111110101101000000000000000000
01001111101011101101000011001101011010001001000001111111010001111001101101010010110011100100110010010110011110000000000000000000
00110101100000010110110110000110100101111011000010101100100100101000000010011010001110000111011010011011101000000000000000000000
01110111101011010011000110100000111101000100011010111100111010110101111010000111110111110000010100011011011110000000000000000000
01010001110011000011010110101110000101100110010000100110110011011100100001000011101010010100011110100111011001000000000000000000
00111110010101100111010111011110101011101110000110100001111110000000011101000000111011000011000001001010110101000000000000000000
00000001010011101111010101000111111110000100000111000100011001011101011111000110010110000001111001001000010000000000000000000000
01111111110010101000010000001110110011110110010111111010010111100000100010100111110001000100111101111101010001000000000000000000
00010001010000010111100100011000100010010011001011101100111101000001100111111100101001100000100101000100101000000000000000000000
00001111010100011000100110000000010011011100011011110101101010011101011011000101101000000101001110000001100101000000000000000000
10000001100000101100000011001010000000000100001000000101010100011000011001101000010011010010000011111001011100000000000000000000
00101111011100101010010110011100100010010001001000011001011011011100100100101001111010100111100011100011101010000000000000000000
01010110011100111001010000110011010001111001011100111101010101001100100010011110110111110100010011010010110110000000000000000000
01011111001001011111100110110000111101000101010101101001100010100000100110011011100111100111110000010010111000000000000000000000
01010101011011011101010010100010110011000011000001110001000001010100000001110000010000000110001100101000110011000000000000000000
00010111010100110010000100011111001011011101000101110010110110011001100011111010101100110001001101110111011011000000000000000000
01010000011110011000000011010110111110101011011101000111100100100100011111100010000100110001010110001110000001000000000000000000
00101101100011001101010011101010110000000010011011100110011110010101111011000001011111110001000100000001010000000000000000000000
00010000001001010011000100111110110001010000001010001000110000100000001110010001101000100101110011000110000100000000000000000000
00111100000110111100000001100111111000010111010011001000110111010100110110100110111100100000010100111001100101000000000000000000
01110011000001000111100010010100110010100000100000100111000110001001111000011000011111110100001101101001011110000000000000000000
00001001000101000110100111011101011000011101011100001011110001001001000001011010111110010110011001110010110111000000000000000000
00110001001111101111110010000101110110011101010010011111100010110101010111001010000100111000000101100100100110000000000000000000
01011000011100001011110111001111110001101010010110011110101010110100111001100110110100000101100101010100100000000000000000000000
00100000000011010110100001101010001000111100000011101011111000110000000001000001011001010000010100000001110010000000000000000000
00110110101100111011110111100110101110010111010101111101111100101101000100110100101110000000010111101000011001000000000000000000
00000101110010001011100010000000100101000011000111011000010100011100111111111111101110010101001011011011010000000000000000000000
01110001101001000100100110110001100100001010001100011000111101101000011011110000110010110110011001100001100111000000000000000000
01011000001011110011110010000001111110111001000010110100111101001000111100000101011000000101110010111111111101000000000000000000
01101011100101000011000010001111000011111000000110010010101010011001011001110101111001110011000011101000100011000000000000000000
01001100000010100101110110001010010110011100000010011101001100010101001110001110111100010110010100010010000011000000000000000000
00111000110101100110010001100001011110001101010011111101001110011001010101001001000001100110001010110111000111000000000000000000
00101001101111000001110110111111110111100110010011011110001010011000100000011100011001010011001100100010111110000000000000000000
01001110010111010111000111101110111001010101000011011101111001111000011011110011101011100101010010011111011001000000000000000000
01000001001101010101110110001100011000111010010001010000110110110100011111100110111000110110000000101110010001000000000000000000
00110011000110100010000011011101000111110010011101011011010100100100110010001011010110010000000100001010101011000000000000000000
00011001000100001000110111101000010010001011001111011001101101001101010000001100011001111000001011110100111000000000000000000000
00100000100001011000100001011111010011110001011111011001110010111100011010100010111000100110011000000000100111000000000000000000
01111001111101011000100101001010110110000111000011000110101000100100101001110110010000010111010011010001111101000000000000000000
01000011000000101111110010000011011101111101000110111110110101011001010010110011110111000110101010111010100110000000000000000000
01001011011101101100000010010001110000101111001101010011100010010000010110101110100101110100111001001000101010000000000000000000
01100000010101100111111000001010111100000100001000001101001010001101010110000001101001000110000101011111000010000000000000000000
00000011010011111011100100011110101111011001011001100100100110111000111011011010111100110011110001010111101111000000000000000000
00011011110100010001000111010000111000010101010001000110110110001101010011101101000010000101000010011011111011000000000000000000
00111010101111011111110110010010101001010001011001100100111100101000100010111001010100010101110101110000110000000000000000000000
00110001010001100000100010110001000110000101010111000100100001111001000111011011001101000000011011011010001110000000000000000000
01110010010100101010100101011111001100110000001101010110001011100100111110011011100100100001000101111111111111000000000000000000
00101100000110100001100111000010011011010010000011100111110011100101111100001001001100000101010001011100101111000000000000000000
00100100100101000011100111001011101101000101011000010100110110011001001100000110010010010101011101010111010101000000000000000000
00011001001010010000001000001001011010000001000100111011100100100101010100110100110110100100101010011100110110000000000000000000
00010111110110111010110001100000011110101111011101100000011000101100001011111010100100000101111010101001100101000000000000000000
01010111101001001010000110100111011001000010011100111001101001000000000010011011100010010110111100000110100011000000000000000000
00000100110111000001100000000000010100001100001111001111101000110110000000100001111100100000001101100001010001000000000000000000
01000100001110111100000110011100111110101110011110000111111000100100111001100111001001100011000100110011010011000000000000000000
00100011111001100111010011111111101010010010001011001100001111111000010011010011100110110000000000011111001100000000000000000000
00110011001000001101010011010111110101011110001011110110000100100001010111001000000101010010011000100110111101000000000000000000
00110001111000001100110110100011101000010011010101100110001110101100110101010011100100100111101011000101110001000000000000000000
01111010001011001000110101100011001010010111000100100110010110111101000100101011000101010011010001101101100101000000000000000000
00110110101100010100110111110000110001000101000011011101101111110001111000101101011011010101110110100100100000000000000000000000
00101000011111011010100100110000000110010010010000101100011111001100101010000101110110010011000100111011010010000000000000000000
00100010001101110001110100111100110000111011011111101011100000100101100110001110000111110101000101010000110100000000000000000000
01100110001001010001000010011111110100001001001111001011111001100001000010100011100001010001100101100000000010000000000000000000
01000010011101101001000110001010111100110010010100110100001110110000100110101110011011110010110110010100011110000000000000000000
00101100100000000110000100011001111011000111000001000101101100101101010010011010001001110001110000100111111110000000000000000000
01111000001100000011100010111110000001010001011100100000001101000101010001000110101101110101011110101110101110000000000000000000
00000101001110011001100110111101110000111011001110101000000000011000010000111111010001010000100010000101100001000000000000000000
01001011010111110100100011010000110101000010000011010110001000010000010011001100110010110110011111001111101010000000000000000000
00001010011100011010010000101111000111110100010010111010001011100100111000111000110111110110100111010111111110000000000000000000
10000000001111100010110010010000010000010111000110011100011001111000010101101101001010100110100100000110110100000000000000000000
00111011110011001000000001010110110011101100001100000010110001001000000111000001101111000000000100111111110100000000000000000000
00010110001011001011010010111000001000011000011111111011110010101101011111011110101101010110011111111100101110000000000000000000
00111100010010000000010000100111101110111010000000111111110100110101110000001010010000000101010100010011110001000000000000000000
01111010010100010100000001111101111011101011011001010011000010110001100001111101010001010111000011010010010000000000000000000000
01011101001001001000010110110111101111000101001011101000010011001100100010111100000010010110110000011100100011000000000000000000
00100101011110001110100001000001111001000101001111001001001010001001001010001101101011000000000011010000101011000000000000000000
00111111101101101011010000110101000011100100001000101001011011000010000000001010111011100011000010001011011000000000000000000000
01110110111111000101101000000110100101010011000111000001100101000001010000110000100101000000111000011101100001000000000000000000
00001011010101001111110110010001100011011111001000011001010000011101010011001111000111100110110110001110011010000000000000000000
01111001110100111111100101101010110101100110001011100110011000101101111011001010110010000000101010110001110101000000000000000000
01101111001101000001110110101101100010110001001000001110001010101001110000001000100011000100111111000101110010000000000000000000
01110100111111101100010010111000101010110000001101010010011011110001110111011001000100110011100001111110000101000000000000000000
00001001101000000010110100011101010000111010010110111110101111111000001010010011101000110010100001001010011101000000000000000000
00111000101101000100000110001100011111111011000011110111100100100100110101101111111001110001000110101111111100000000000000000000
01000001101101101100110001110010011010001010010101001010000101000000010110010001000001100001101100100111110000000000000000000000
01010110010011100001110001001011001100001000001010111101110110010000100000010110100001010000011001110001001011000000000000000000
00011000000000110110010010111001011100000110010000011000011011001100001010000010001001010000000100001000101010000000000000000000
00101001101110001110100001110001111101111110001010110010011110010001111100100010011111000000101100111110000000000000000000000000
01000010010000001100000010110010111001101111010110100110011101000100110010010101000100100000001110010111010110000000000000000000
00010101110000111011110010001101101000011000000001000000011100010000001110101101010001100111111010101100111000000000000000000000
00111010001010010100100000110111010110110100000110111110110101100100010100011011101010110011001101110000110000000000000000000000
00010010011110110101100110011100101011100100010011111010100011000001100101001110001101110011001001001111100101000000000000000000
00011001100001110100100010110100100111010111011100000001111101101100000101001101010010110101100110011001101001000000000000000000
01101001101000111100010110010100001010000000001110001010000110100110000010111011001101100111100100111011100010000000000000000000
00001000010110011010010100111110100010110001000010100011000111100001100101111100100011000010010101000000111100000000000000000000
00011110111000101110000000101111000010100100000110111111100010001100010110000001010001010000001110101100001000000000000000000000
00000101110110111101010001111000000001000100001101001110000111000101100111111111001111100101101011011110110001000000000000000000
00100001000111000110100010111110110000111101000101110000010011111000010111111100010100000101100010101001111100000000000000000000
00111111000111100010010100111001100001110011010110110001110111010100101101001001010100100011100001101100100011000000000000000000
01100110010011011101000000000101001111000001011001110001001110000010000000010111000000100010100011101111010001000000000000000000
01010010000001011001110110111000110110111011000000111001000100111101101111100000010101100110111111110011100100000000000000000000
01100011001101011000000000011100001100110101011110010011110010010000111111000101110011000100111000010011111000000000000000000000
00100101001000101100010010011011111101110110010010011001011100011100100001110100111101000111001011110000010010000000000000000000
00011000001101110000010101011100100000100110100000011011010000010000111011101101010110110101000001110100101000000000000000000000
01001111110001111110110010111011100000111010000000101000111000010100000010111100011001000100111001100111001100000000000000000000
01101100110011110111110001100100101011110110011110011111110000010001100010100110110110110100101011111001001001000000000000000000
00001111100011010110110100110011011001010000001011011110111111010100111011001010111001010011011010101110000011000000000000000000
00101011001110000101010110101111111101011100000101111110110100100000111100010011000110100111110001010010100011000000000000000000
00011001110100010011110101111011000111001010011110110111101110111001111001001100110111010101100000010010111001000000000000000000
01010101110000001100110000100000001000111010001001100101101011101001010010110000111000110000101011000011011010000000000000000000
00001110111100111010000100111110001101010101001010001110111011011000110000101110101110100011100111010111011100000000000000000000
00011000100000000011000111010100000001111110001010110000111001011001010001111101011100000010011010010010011010000000000000000000
00011000011101111110100001100001110001110111001111110011100000110000000111111000001110000101000011010000001001000000000000000000
00011100001010101101100110100000000110111110000010000100010011111001000000101001001101110001100011100100000101000000000000000000
01110001101110011110010101000000000111100110000011111101110101110001000010100111011000100001000011000101101001000000000000000000
01001101101010100010000100001111010101011011000011100101101001101000011011110100011110110000011110100110110100000000000000000000
00010100100010010111110001010010110101110111001011010101100000001100111111001111011011000101111111101100111101000000000000000000
01000011001001101001100101000111110000111001010011101110011111111100011001011111001011100100110010101110011111000000000000000000
00010111001000101011010110100010001010110101011000010001111011111100000101111110000010010100111010110100000110000000000000000000
00110000010010101011100100111010110011001101010010000010111011110001010101010110000111010001111001010011111011000000000000000000
00101100100101101010010110111111010111001001001111101100001010011000100010101010110010110110111000111010011010000000000000000000
00100100001110011110100001010111100001011110000100101000011101011001110101101110011000100000000110011101011010000000000000000000
00100010000011011101010100001110111101101001001111001001110111101101011111011100000001000001011001101000001110000000000000000000
00111110110100110100010010000111100101110101000000111110100100010101101011110011000010010111101101000000001100000000000000000000
00111010001101001010010111000110100010100110011111101101111100111000001111001011110010100111111000111111011100000000000000000000
00011101110001100111100100111111010011000000001000001110001110001101010100101001011000010110010011110000101001000000000000000000
00110111011001010001010010000100111001101000011000011100101001001100100001100111000000100010011100101011111110000000000000000000
00011001110100011101010110100101000011101010001101110111100000001000001010110011000010010001001111111000101001000000000000000000
01001101100110111100100111000110000001110000011101000100100110111001110110001111100101010100101111011110000000000000000000000000
01001110010001101011000110111010000011010001100000000001110100111001111001101011111011000100001110101001100101000000000000000000
01100010010000111111110001001011101110000101011101110100011100010000110011101001010110010000011100011101011111000000000000000000
00110100111001010011110110101000000111100010001011001110000000000000011010001001101110010001100110011010101100000000000000000000
00001011111000110100000001111000000110111110011101001110110100111001101111001011110100010111011101110101110011000000000000000000
01100001011110010100010011101011001100000101001010001000010111011001010110000100010100110001010110011011000011000000000000000000
00110110111010000011110001010011101011010101000011100011001100111100011011110010001000010011001100010010101010000000000000000000
00111100110000011011100101111010011000000010010100000010000110011100000011110000011001100001100011101001110001000000000000000000
01000000110010011001100101000010011111110011000110110001101000000001111011111110101101110110010110111001100010000000000000000000
00100101001101110110100001011011110110010101011010101110111111000000101110000111101101000110100001101101001000000000000000000000
00110000111101101100010001101010011000111110000111101101000111111101000101011100011110110100110100000001001001000000000000000000
00100000111000000110010011010010100010000001001110100110001000010000000100101010100011010001110001010011100100000000000000000000
01110010101101100011110101001001110010011101010101111001010110000001001010000100100111100001101001011111000010000000000000000000
01010000110010101000000110010111010110000100001010000111010101100000001011010100010011000100001000001110000100000000000000000000
01110100000011001000000010001100111101001011001001001111010101100100010010110110111101010111011000100010010111000000000000000000
00111100100101010000000111010001000110010010010100100110111101111100011100010111100001110000001010010011011110000000000000000000
01101001111111110100010110111011011011100011001111001001101010011000110010110101000100100011001010110000011010000000000000000000
00111001010100100010100001001000111011001000000100110100000111011001011100100100001110100010110010100111001001000000000000000000
01100001101001101101010010101011110000100100001110010100001000100000101010010110000111000001010011011110001110000000000000000000
00101111111111011001000011011000111101001011011011000101101010100100111011101001111101110110110001111000110010000000000000000000
01011110010111100111000011010001011011110001011011000011000100000001011010000100110011111000001000010100000100000000000000000000
01001001001101111001000010001000001011011101011100110111010001000001011110010001010101000011110011100111011101000000000000000000
01100110101111111111100101101111010111101010011000101000000010011101101001101011000001010010001001000100000101000000000000000000
01000000100011111011010001001110100010010000001111111010100000110100111011110101010010000100000101001111100011000000000000000000
01000100111110001010000111010101111011010000001110001000100001000001110101110100001101110001111100110110111011000000000000000000
01111101111010011100110010101101100101001110001110100001011111100001110100011110100111110010100010111010011010000000000000000000
00110100100110111101110110010010010101100000011000100000111110010100111001100111001111010010111100010010101011000000000000000000
01000111001111011000111000000001000011001001010111001111010100011000011010010000110000000101010000011001010000000000000000000000
00000101110011001000100101111110000000110001000110100010100101100100001010011001110111110111111010001101100111000000000000000000
00100101100100000111000000100000011001001101011000111110011010101100101011101100111011110001001111100100101010000000000000000000
00011101011101100100100011001000011111011001000001010001110101010001110101000000111001010100011010000010111001000000000000000000
00111101011011110001110000001000001010100010000001100100111111101101100110000110011000110010010101100111011000000000000000000000
01010000110111000111001000000101010001111010010011000100000001110001100000110111110000010001000000101101110011000000000000000000
01101010100001101010110000101111100100100011000001111011111010101101010101110001110011110001101010001110000100000000000000000000
01111110101100100111010001010011110100001100001000001111110100010001000111001010100100010000100001110011001000000000000000000000
01100011111100100011000101101100110000101100000001011110000000011101011111010000111100110000110000110111101101000000000000000000
00010000100001110111100010001011010001000000010001001100110001110101101011000110010010110001100010001101011100000000000000000000
00100010101011000101010100001100100100011011001010111010100001110000000111110010010011000100100010101011010011000000000000000000
01010011101101011101000011011001100101100010000101111000100010011101011011001100010000110101110110100001111000000000000000000000
01000001111000100111010101001010011001101110011001010010011000111000011010000010000110000011001101101001111001000000000000000000
01110010100111100101110001110010010101011101011000011110000000100000001010001111100010000011001111100010011110000000000000000000
00111111000001000111100010100101001001010001000110000001100111010000100110001000100101100011111011100010000000000000000000000000
01000011101101110010110010001001010110110101001100000000110100010100101010110111001011010100100100011010011110000000000000000000
00011011111111100001100000000100010101010011000011001000101011110000111101011101000101000101011001111000100010000000000000000000
01100000111000110001010010111100100001010100001011110100010100100101100011010100000110010110110100010111101101000000000000000000
01010011000000010101100100100011010101111110001110101000110010110001101010001000101010010111001110001000101011000000000000000000
01111100000010000111000011010001101000000101001000001100111100100101000110011011110001110000110101000101010010000000000000000000
00100100101110111100010011000110111110010011000011011010111110101001101011110001101000010100010001000111010100000000000000000000
01110110100001010110110101100010010111010010001001100000000111000101010000011100100001110001101000001011101011000000000000000000
01010100100011000100000100001111011000101011000010100100101011100100101100001101111111010111010011011000000001000000000000000000
00001011000110010111100111011100010010011101001100110011110101111000100111000001000101000011010010001110011110000000000000000000
01001111101001011101000011100011000100001111011011101100100010101101111000000111000000100111100111100001011111000000000000000000
00011111110100111010010110011000000100011110000000001101110011000100111000101101100001100101000011000100111100000000000000000000
00110011101110010001000100110010101010010100010000100111010010111101000101001000001011010111000101111100100001000000000000000000
01101011101111000100100101010000000110110000011110111010100110000100100110001101110110110111010110111111110100000000000000000000
00010101000100100101110010100101000101110000010110110110100100101000010011000001101001010100110001010000011110000000000000000000
01011111100010110001110101011011110111111111010111111111000010011100100110010010110000011000000000111010110010000000000000000000
00011111000101100001000110110100010100010010001010010101001011010000000100111111000100000100110011110011111001000000000000000000
00110110110000001111010001111110011111111000001011000111110000110001011000001011010111100110010011010110000001000000000000000000
01100110011010000101100011110011001001101101000101111011010011001001111101110110000101000001001010100001100011000000000000000000
00011000101110011111001000000011001100011000100000010001100100100001000011100111101100010010110111111011100010000000000000000000
10000010101010010110010101100100111001000100001001000010000110100100100100110101111010110000000111110001011010000000000000000000
00111010110011111100100110000111111101001100011000110001101011110100001011101101011100010001011110000000111100000000000000000000
01101011011010111100100110000001101011011000001111010000101100011000011011110110011010000100100110111110010111000000000000000000
00011000010001001000100010000001100011000001001011111011011110011000100001001011000110010010101010110111100111000000000000000000
00110111010001001011010000010101111000011101011110001110011110101000111000000110000010100001000000001101010100000000000000000000
00111010100101111101110110011110000111000000011000000101010011100000010001001011001001100100100010111010000011000000000000000000
00110101100010011100100101010110010011100000011000011111100011110100110000101011010000110001100010010100110010000000000000000000
00110000011011011100000001001110001100111011000100011111001100010001010001010101011011010100100101010001110101000000000000000000
01010100111000100011100101000111101111111101010101100110111111000000100000001011110100100100100110110011011110000000000000000000
00110010000001111010000111001111001101100000100000001110000010111101010100101001010101000001011111100101001101000000000000000000
00011010000100010000110001011100000001001000010101101111000001100001110110111011101111010100111100100011010111000000000000000000
00011011101000011000100100100101011100011010011100110101110010110001101110110010110111000101111010111110100101000000000000000000
00010110010101111011010010011111101010101101010000101101011101010101000111010011101100110000000001001100110100000000000000000000
01000011101011100110100110000100000111010000010100111010011000010101100101000100101010110011010111010000011110000000000000000000
01101101010111100110010000101011011101101100001111010011001111000000011011011111100110110000001101111001111001000000000000000000
01011010100100101101110101011011000110111010001011110100100100010001001000101101111011000101010011110111101110000000000000000000
00110001001011100101110000100000101011010100000000101011000100011100001110101101001001100111110100010111010110000000000000000000
00111101100011011001011000000100101101001100000010000111000100110001110100010100110000110110011100111001100000000000000000000000
00110111101010000001110111001000111100000000010011001110000101001000001110000000010000110010000001010101101001000000000000000000
01111101000011100000010011000001110111101110011001010000100010101100000101111011000010000000010110110001100000000000000000000000
01011111000010010000110101101101101111011010001011111111000110001100010011001011100110010011010101100101010000000000000000000000
00011010110110010101000101111110110111111001001011100110011101100100101001100110000000110100001001001100011000000000000000000000
01000011100001001101010010100011101101011001000111111111100001000000111110000101110110010100001001011001010110000000000000000000
00000101010010100000010110101110011010011000000101100110001011101100101111000011101111110101000100011001010100000000000000000000
00111010100110101100000010010110100010011101011111010001000000000100110111010011000010010110011101000000010111000000000000000000
00100110001111000101110000101101000001000000001011010010001011010001000110010111011100100110100001110100010100000000000000000000
01110110101001001011010110011000110001100000001110000101111010011001100001011000100101000001011001010010010101000000000000000000
01011111001111110111100011101111001110011011001100010001011000110001010011100010101000100100000001010111001100000000000000000000
00100100110001110001000010110001001110101101010010101001000101000001010100101101011110000010111100010001001101000000000000000000
00000011010111001001010100011101001011011101010010111010101101011001110100011100101111000010001000100011101011000000000000000000
00100111111110010000110010110001001101100000000010111111110111000100001101111101111001110011110010101100001001000000000000000000
01011000010011011111100100000001110110010010010001010101001011010100101010011110001101110101100111011101111101000000000000000000
01111101010111101100010101101001100000110111010010111001110100010001101110100010010001000100101001110100011110000000000000000000
00101100110100000111010011111011000010111111010111101001010110101001101100011110101000110111110010110010100011000000000000000000
00111111010111100111110011101000011001110011010111110010010110010101110000101101101100110011010101001001010010000000000000000000
00100001100011100010110101011101101111111101001000011010111111011100100101110001010110110011100011101001000010000000000000000000
00011110000111111000110010111001001001100001000001111000100111010000011101001001110101010010000110111001111011000000000000000000
00110011100101100010100101100110001011100110000000110010100001100000011000111100111100010100000111110101111110000000000000000000
01001010010100111000100110000101010011101011011001101101000010010100111011010010100100100101110011100100110001000000000000000000
00000111100100010001100100000011111011101110011101111110100010000000100000111110111101101000000001011100101010000000000000000000
00110101011100001101000100001010011110001110011100101000111100001000100000111111001100110001000111001100111101000000000000000000
01000100110111011011100111000010000011110100010001111001000110001000011001011101110101100111101111001011011011000000000000000000
00111010000100101111110001101100001101111111001011010000010011001000101100111000111011100100010101010001110111000000000000000000
01001110000000101000110001001100010001001001010101001110101000011101001111000011010000010000001000010011001000000000000000000000
01000000110001101100010011110100001011101110100000001111110011100001011011101101011101100110101111111100100011000000000000000000
01001001100010010110110100111001001010000001011111010110111000010101000000100101111011000000000111010011110011000000000000000000
00111100100111110000110111100010000101111110010001101111010001100000010110110110100000010001100110000010111110000000000000000000
00100010111011111001000110110011001100001000000010100101101110011000110100001110111001000100110000010100010000000000000000000000
00000000011001111111110010000001011101000001001000110100011111101001110111011000001011010000010100000001010111000000000000000000
00011011000100110000010010011101111011110000010110000010110101000100001101011000110101100000001010000001100011000000000000000000
00010101110000011110100010010101100100100110000011110101101010100000101111111111111100000000011110000000011011000000000000000000
01110110001110111110110010001110010000101111001110101000010111001101001011101000011110000011100011101010010101000000000000000000
01111101110100011101110001111101101010000100011101001110100001001101010111110010101111000010001100000001000111000000000000000000
00011110000001010100000001101100000110011011011010101000000100101001100010100100000010110001110110101101110011000000000000000000
00110011111111001001110100101010000111100000001001011000111100111000000010100000110000100001000011111110000100000000000000000000
01111100111011100100000101101111010000001000010111001100111011110101100011001110001010110110000000111010101010000000000000000000
00111111010000110001100011011110100011100011000001001001100100000101110011100110010011110000011011111000101100000000000000000000
00101000111000000110100000110001001001010101011001100101100010000000100001010100010110110011011110110100011000000000000000000000
00011101000001010001010101001110000110111110010010011110110100011001010001010001100101110001101000100001110011000000000000000000
01001011101101101101100100111100001001110101001101101101101100000101110101000000101111000011011100100001001110000000000000000000
01100010100011110001000110101001010000010111011001101110011101100101101001001101110010010001111111111001010101000000000000000000
01010111100001010000010101001011000011101001011011111010100000000100110000101001010011100111101000101110001011000000000000000000
00011110101011001000100010010110001001000000001010101011110000101100001110101110101010100100100111010001011001000000000000000000
00000100010010000000000001111010010111000110000010011000101011101101101001000000111110010101111100111101001001000000000000000000
00111101100111100001100001001110011110101001011101111110101001101000011001111100010100110011100110100011011001000000000000000000
00101010111001111100100111101101010000110110011110101010001010110001100110100010110110000111111010100100010110000000000000000000
00101100000010100100110001001110001101110101001000110110001001111101100111110111010111000011011001110001010010000000000000000000
00110110111101010000100100111010001011101100000110101000001101000001011001110111110100100001000010001011010001000000000000000000
00100010000111011000100100111110011000110101010110011010101001011001111011011011111011110000100110000100100110000000000000000000
01000001011010010001000000011100000110101011001001010001101001111001101110001011010000010001110110110010111001000000000000000000
01011110010110011001000111000100011100011000011001010001011111111101100100001101101101100111100001111110100110000000000000000000
00110000000001110100000011011001000010011011000111111001010011110100111000010101100001010111001100110010011011000000000000000000
00110110011001010111110111111010011100010000000000011111100100010100011000001111000101110010011011010000100011000000000000000000
01010110101101101110000101101111000111100101001001100010001010100100111001010001100101100110011100011001100011000000000000000000
00100010011001000111110101101001010101000000000010101000000110110100110101010111111100000101110111010111001011000000000000000000
01111100111010110011000010111001110101000111001101010001000000000101110000101000101110010000111000100100010110000000000000000000
00001000101101000101010010010110110101010110010001001011011111111000101111101101100001100100111110110001100010000000000000000000
10000010011010001000000101100110101000011110100000000101111110101100011101010011011010110000010000101110100101000000000000000000
01000000010100101111000001001100110111111001000101101010101100011010000010111001011111100000100001010010000110000000000000000000
01000110111111011101100111111000100100101100000111001111000000010100001110110011001110010011110101010010110111000000000000000000
00010011110011110010110000001010111110000000000011011110100011100101010000000100110010000010011000111011011000000000000000000000
00100110110101111111010011101001010000111111000001110010101101110001101000011000011110100000110001011111100101000000000000000000
00001101000100010011000110110111110001111001001001101011100111100100011111111111110101110100110001000011110011000000000000000000
01101101001100111010100110011010110101001100000111001101000011010101010111110111100001110110011101011100111110000000000000000000
00010001000001101100010111111010000111101001000011011001101100001100011111010001001110000101110010111001111000000000000000000000
01011001110011101000100110110010111001111011010001000110000011000000110011101101100111110010111111100110010100000000000000000000
00101101001100001101110101100110001111010000010000011100111100001100001010001011110111010101000011001000111011000000000000000000
00101111000000001011000101010110000100001010010010111110110010000000011001110111111010100110010111000101101011000000000000000000
00010101100011101000010111101000001101111111001010101110111001010000110010010100100111010011111011101011111111000000000000000000
00101011111011111100110110110101000101011011001011100011000000011001111100110011011010000001101000100000100101000000000000000000
00100001110100011001100001010010000100110010001000011000111101011101001101000011100100000001011011110110011010000000000000000000
01111101110101001000100010011100010001100001000101010011010101001001010111001110001011010010010001011111011011000000000000000000
01101011010000011011000000001011110101111001011110101110001111101101101001100110100101010100110000000001111101000000000000000000
01001110111011100000100101010100101010000100000111010001100000100100101000010100000110100111110111110100101011000000000000000000
00011001011001101111100100010110010010000101010001101010100101110100001001110000111010100100100001110111101010000000000000000000
00001010101000101011010010001011111111001111011100110001100001001101000111010101010010110010011000100010101000000000000000000000
01111111111101000110000010010001010001110011010111101001101011110101110001011000100011110101101100100101101100000000000000000000
01110000011101001000000110000100001111110101010110100101110010101100011101011101000001111000000100011010100101000000000000000000
01110000101011011101010000101010011000000011011100110111001101001101001110010100010001000011100111100001000111000000000000000000
01101101100110001001100011000100000011111001011111010101110001100001101101100100101010100000101001111011111111000000000000000000
01011010110101011110010111101100101110111101010101001110101110010101000011011110111011110001100101011010001111000000000000000000
00011011101011101110000101000011100110100001011001110011000010100001001101110000001111000100111111001010001001000000000000000000
01110101011011011101010100111100011111101110010110001000100110110001001100110101111111100111111011010001000000000000000000000000
00101000000111000001110000011001001110000111011010110011111110100100010011010001011111110110110000110001001000000000000000000000
00110001000010100001010011111101100010101100000110011000111101010100101010111011101100010010111010100101110111000000000000000000
01011011000101111111101000001001000011101000010110001100001010110100100000110110000110010010100010001001000011000000000000000000
01101100011001010100110010000111000111101001100000010001010001110100001011000110001001100101100100111000101011000000000000000000
01110111100111001011100111010000010010101110001110101011000101000000010000100110010101010110010101000101011110000000000000000000
00000001010110001011100110011011010111100111000001100110010000101100001110111010010101100100000011010011110000000000000000000000
00110010011001000110100111011111100100000101011110000010101011000100011000111010111100100000100000101101010100000000000000000000
00100010110100111011100010111111001111110110010110101111101111010101100001111110011101000001110010011011011000000000000000000000
01100010100101111001100101010000101101101011011111110011101101111101100001000010111110100000001110111010100111000000000000000000
00111111100101101100100011100101001101011010011101101111001101011101001010000100001001000010110111011100000001000000000000000000
01011011111111111110111000001001001100010111010110101101011010010101110101000100110000110110111001101011001110000000000000000000
00000100101000010011010111011110010110111111000101010101010110000001010110110010000100100111101110001100011110000000000000000000
01101001011110001100100010000100110001111111010001000011010111000000101110100000111001010010000111111000110111000000000000000000
00001010011111000101010111000011111110000011000100001011111110101000011100110001011011111000001001001111000111000000000000000000
00101011011101100111000111011010101000011000000100100011001101110000011110011101000010000000011001101111010000000000000000000000
01011110111010000100000001010110100001001010010010111001001010000101100110101111001111110111111011111010110101000000000000000000
