00000000000000000000010000010000000001000110000111000011111011110000110111011010010110100110110101011010110001000000000000000000
00101101101110010001000111110010001100101011011001001000011111001101110000110010000111110000110001010011100011000000000000000000
01010100010101010101100000000010101100110100011001100011011000110001110010001111000100010001000111111101111000000000000000000000
00100010010101010111000110000100000011000100010101000111100001011000111110110001100010110110000111001001111100000000000000000000
00111100000111010000010000011101101111011101001011000011001110100101101101101001100110110000101101100100111100000000000000000000
01011000010100100101100001010010010000101101000011011110100011100000101000001001010101100000000010101111100100000000000000000000
01111010110000011101110101010100011111111010001110001110101101011100001100000010001001000100100110101110100001000000000000000000
01011011010011011001000111111101000001010100001000011111000000000100000011110000000111000010111011001110010000000000000000000000
01010001001111010011010110011001100000100011001000010000001000011100101000000000000001100101001100101100000101000000000000000000
00001001010010011110010111101011001110100111011010100001000000100100001010110100010010100000101100010111110110000000000000000000
01010100110110100000010100001000101000001011011101000001001010010101111100100101111100000001110000100100010100000000000000000000
00101000010000100101110001110110110110011101011100100110001010011001001000010010101010110000111011101001001101000000000000000000
01000101111000111001100010100111000011010000011101111110001101010100000001111001110111100110000100110100010010000000000000000000
00110110000001111110110101101001110010111000011000100010001110001000101010001110010011100000000010111000010011000000000000000000
00000000101100010010100101010001010110000100010110000000110100101001101001011011001001100100001110011001001111000000000000000000
00011001110011101010110001011011001010110011011011111011010111110000010111101111000100100111110010101101110100000000000000000000
00111011000010001011110000010000101010111011001101100010001111110100101010011100100011110011001111011100001101000000000000000000
00011001110111011011010011001100110001110010001101010011101011111100011011110010110100110011001000010101011010000000000000000000
01111110011000000101000110100110100001101100001111111000000000110000101110000100000101100000011111001100111110000000000000000000
00000101111110111001100111100001111111111100000101010110100101000100000101100111111000110101000111111000000010000000000000000000
01111010001000110100010100100100011010110100001101001010101011011100001111100010001010000111100001100011111000000000000000000000
00101010111011011011100000000111100001010110011001011000011111010000101000100111110100000010000111101100000110000000000000000000
01001000001111010010110010011111010110001111000100011001100110110000100100011000001111100101111010101010001000000000000000000000
00111001010011000010110101110011011001010011001110111010011011000000001111111000111010000101111111111100101100000000000000000000
00101000110101111010010011101010000100010001011110010011100001000100111100010100100111100011110101101001110110000000000000000000
00110011111001001100010000010100000111010000010110101010101110000101100101111000111100100010110111010001110111000000000000000000
00011101101101111000000011011011111001111110000110010110000110011000001000000110000000001000000000000110000010000000000000000000
01110101110011111011000101111010011100100000001010111100001100111001101101110001101010010101101111101010011010000000000000000000
00010101111100010101010110110000000101100001001101011110110110101101100001011011001001000110111001110111001001000000000000000000
00010101011110001011100110100011011011010110000001100010111001001101010100110010111101010001010110110110100000000000000000000000
01100111000011111110000100010000001111111100010100001010100101111001011000000011011001110000100011101101111100000000000000000000
00011011010110101010110001110100110110010000011010010001110001000100110111000011110110110010110101110111110001000000000000000000
01100011000010010100100011001000110011000000011110001100110001111001000001001011001110000010100101101100101011000000000000000000
00001111001111001011010101001100010101100111010011110100010101110000111110100110110010110001011001000010000000000000000000000000
00110111000010011100000010011001000010000011011000111011011100001101110101011000001110000000010001110100010010000000000000000000
00010000000001110010110001101110011110111101001010110001110111010001100110001010110001100001110001000110101111000000000000000000
01111101011000111010110011011010111000001000011000101111110010010001011100010000100000100001010100001010000010000000000000000000
01101011001001000001100111011010011100010110000110101001101000000101111011110100000111110100100010101010111100000000000000000000
01001000000101111011000101110011000000100011001100101110100011001101110101000100110000101000000000111101111011000000000000000000
01100101110101100011110100010110101001000100011101000010111100001001100110000010111101100000010011010111001111000000000000000000
01000111001100011011100111101010101001110101000000000001010111110101101100010100001101010110111111000100000010000000000000000000
01010010001000100011110111111011001101010110011001011010111001000000000010100111000100000010100101010011011101000000000000000000
01111011000011101000010011001101001010011001010100110100010111010100111110010000111111010101110101000110100101000000000000000000
01111100100110001001100111010011010111100101000100100101100100001001001101111010111110100101010010000110110100000000000000000000
01101110001000010011110010010100100100110000010011011001110000101101111000011110100011100010100010100110111011000000000000000000
00111011100000111110100001101111100010011000010010011011010110010101011100110110010100100010011100110100010110000000000000000000
00001110101000110100100101110000101011011000011010101011111110010010000001000000101101100000010001011111101011000000000000000000
00100111101111000110010000111111001001100000010010101010010111011001100011011001101111100100110010111001100000000000000000000000
00101101111000000101110000101001111101010101000111101100010100010100011101111000111111000001000111011111100011000000000000000000
00000100000001100111100110010101001001000010000101001100111011101001011101111000010111010111101111110101010000000000000000000000
00001000111011001101010111100101110111010101000001111000110000110000101001010100011001010011001101100011000110000000000000000000
01101011100101111100000111001001110000101010001010010001110010100101101000011110001010110011010001110000001111000000000000000000
00101001000110101111100100110010001010101001000110110001111001111101011111100110010111000110111101101110000110000000000000000000
00010111010111011100000000010001010111100101000111000111000010001100001000010110010011110000011110101011000101000000000000000000
01110110101101000100100100100101011000100010011010010000101010100000001011000100011000010110111101011101010010000000000000000000
01000001000100011101010010001110111110110010000110011111100000001001111001011100010000000110010001100100110101000000000000000000
01100001110010111100010011100100101010100010011101000100000101000101011000001111111100000101110101110010111011000000000000000000
00100010111001111000010000100011001101110000010100100101011010110100010011010100111110100011000000111000010010000000000000000000
01101000100000100000000110001100000010100110000110011100010011001000011100000101001000100001100010101011100100000000000000000000
01110011000000011001110100101111011010101101000011011111100011111101001100001000001110100011001111110010000110000000000000000000
00011100111000100000110110100011011010001000001100011011010110010000111001000011101101010010111101110100111101000000000000000000
00110111000110000011010100101101000111100011011000011010101010000000011100101000110110110111011010110010100110000000000000000000
00110000011010111010010111110000000011001111000011110110001010110001111110011000101110100100101101011000011000000000000000000000
01110000100100110111100010001011000001010001000111111100001101000000100110001011001111100010011100101011110011000000000000000000
01000110100111011000000111000111111101110111100000000111100011100101011101011011001011010011100001110100011011000000000000000000
00010100100010110100000110010101001110001000001000000110101111000000011000011110101100010110011111110101100000000000000000000000
00011001011000000001000101111111111010110100001010110011000011111100001110000100111010000110001110010001110111000000000000000000
01100101110010101011000100101000010001100110001101110101101000001101001000011101100010000101111101101011001100000000000000000000
10000010010001001011110111101101111011100000010100101111110000101101110011101000010100110101110110010111010101000000000000000000
01101101010000100001101000000001111010011000011101011001100010010100101010110011101010100101101110000000001011000000000000000000
01110010011000010000000111110111111010100100000010111001101100111001011111101101000000010110001010011110111010000000000000000000
01110111010111110111010011011011100111101011010011101100000001011101111000101000000101010001011000101111110011000000000000000000
00101111100101000111010110100101111000111101011011000010000111101000111100000001111000110000101001110101111101000000000000000000
01010011001110011000101000000100101000001000010000100110010000111100000101100011011101100011010010110001111010000000000000000000
01110000101111111011010001011011111111011000001001110100011000010100000001111111110000110100010111110000001101000000000000000000
01010000011111011101101000000011101000110011001100111110111011101000101110000100011101000110111111101010110010000000000000000000
01111110100101110000100011110110101010000100010101100001100000110101010101111101110010010110011111101101111100000000000000000000
01111110001011100010110000011100110000100000011010011000010010010100111011011010100110010001001001111000000111000000000000000000
00111010010001111111110111000100101110111110011000011111111100100000010000011011001110010100000001011101101101000000000000000000
00011011111001100000110000001010011111010001011000100000000000010100001011000100110110110100001000000000001101000000000000000000
00111101010110000010100010011000010111001010010001111011000110100100011100001010110101100010000110101000010000000000000000000000
00101000110010001110110100000100000101111101011010100000100000101001111111110100111000110010100101110000010101000000000000000000
00001011010001011010010110000101000010000000011001011101010010011001111011011100100001110101010010110010011010000000000000000000
10000010100010011101110100101000010010111001010111010011011010000001100001010011000001000010101110001011111110000000000000000000
01111100001011000000110100110110110010101001000100100100010100100000100011110101100101100100100011100010001000000000000000000000
01011001111001101001010000011001001001011000000101101000000101100000100100011001100100010100010000111000111100000000000000000000
01000100010100101101110011100010000111011101000101000111001011011100110111010111101101110010100010011011000100000000000000000000
01000110101111001111000010100100011101111110010110001000001100010000111101101010010001100100001010000101101001000000000000000000
01000101101010001111100100011001001111110010011101010000010001010001110110111111100010100101011010101110011011000000000000000000
01100111100100100011110110000011011000010000000011101000100011111100110111010100001001010011101110110000011110000000000000000000
01100001111100001011110101001111101010101110001011100100011000001100111000011010101010110101011010101101001110000000000000000000
01111101101101100101100100001010100100101111001011110111000101100101010001111001011011110100011100101101100000000000000000000000
00010101010101010010010110110010101001100110001000011001100110011101001010100111010101010001110011001010011011000000000000000000
00000001111000001100000001101010000111100111001111001001111000100101010101110110010001110111011110111010111011000000000000000000
01000001001011101001100001101110111011100100010010111010111111001000000101111010111110100101110101011001011110000000000000000000
00111011111100001100100011000111100010100111010100111110110011110001101100100110010000000001011101100001100011000000000000000000
00001010011000011100000100000010100010100101010001001110010010001001100011000000111010110101101000001110100010000000000000000000
01110001101111100100100100000010101111100011010110010110001111100001010100100101001000100010001101000100000010000000000000000000
01101010100101110110100100110110010110101011011011111100110110001001010011000010100110000010011110001100100001000000000000000000
01100000010000110011000111110101001010011011011111010000111111001100011101111100110100000101001010000100001101000000000000000000
01100111010111101101100110001010100110010010011101001111101011100000110110000110101010010001000010111111111011000000000000000000
01001010000000000110100001101111000010011011000011101010100011100001111010100010101011110000000111001110101111000000000000000000
00000010110110001100100000010111100100100101011101000100011101010110000000010010101101000111101011010000100111000000000000000000
01110111100001011100100010111000000100001101001110100100010000111101010011101100101101110010110000110101000001000000000000000000
01101111110001110101000111111110000010000010011001110111110110000001000101110010000010110111100000011110001111000000000000000000
10000000001001011011000100110100101011011101000111011110100101000000101111010101011101100010000111110100101011000000000000000000
00100011111001001001101000001010101111000111001110111010110100100001000000001001001001100101101100010001001110000000000000000000
00011010111101100110000010010000111101010110000101000011000001111100001111100111110011110011100110011111100001000000000000000000
01100010011111101110110011001111011000100100000011000000110011111000101100000010111000110110101111111010110011000000000000000000
00001011100111010100110110101100010110101110001011100101011010011100000010000110110011000000111100101110011011000000000000000000
00110001000110011000110011100101001000011101011000101100110010100100101100100011000010110011000100001011111110000000000000000000
00100001111010101101010011100110101010000110001100011010011000111001110001000010001101110110111101101111000000000000000000000000
01101110010001011000110110101001100111001001010100100100111011100000100001000000101111100010110101101000011011000000000000000000
01011101111011100100100011101001000001111000011100011100111101010100100010101001110000110001101101110100111011000000000000000000
01111111001100011100000111001011101110100111010010101110001111000100001010000101000100010111110110000011011110000000000000000000
00111010000110010110100101100001000100010100011000011100111110001001010011010001000101010110001010011000111010000000000000000000
00001111111101011010100011100100111101100100011001110010001001001101000101111100001101010010001010010000100011000000000000000000
00011001000111110000000110101101111010111111011101110100011000101000011111111000001111100010000011111110101111000000000000000000
00010010001110101100111000000100001010100001010111100010010001000001011110110110100100100010100111000010110111000000000000000000
01010001110001100101100101010100000000011001001111110101110100101000000001111000101100110000001000101111100011000000000000000000
00100101000110011101110111000001011010011000000001010010001110011101101011010001110010010100011000110010001110000000000000000000
01101110100101100111000001111000100101111010001010101100111001110101010110011111111011110110001101011100000011000000000000000000
00011000111011100011110011011000001000000010011111011111111110101101011001101010010001110001010111100111101001000000000000000000
01000010001100000010110000001011000001001001010111001011000011101000100011000010110101000010110000000011111100000000000000000000
01101111111101011101110011011010101011011101011011111111010101011000100111100100101100010101100110110110001011000000000000000000
01101111010001000111100000110100111100000111010111001100010010000000000111010100100110100010111011110101001011000000000000000000
00000101000000011010110001000101111111011010001111011101101100111001000000100001110011000011011001010001100111000000000000000000
00101011110100000111100011001000110110111111010010100100010111010110000010000111110010100001110011110111011101000000000000000000
00110001101111011100100000100100011010011100000010101101111111100100010100001100110100000100101000110111101100000000000000000000
00010000101000000110000100111001101101011101010110111111011110011101001111101111100111010000101111101001011110000000000000000000
00001110110111100110100000111000100011111010010101101100001111111001111000101100010000100011111100100011010000000000000000000000
01000001010011000101110110100011110000010000001100101000100111010001011100111110100010100010101001100100101001000000000000000000
01011100001110100011000011111010110100100111000101110011010101101001110101010011000100010101000100111101101000000000000000000000
00111101000101101101110111010110110110101001001111001000110011010001100010001011001100100100111010010011110110000000000000000000
01101011100100010100000000111101110011010000000110001101100101001001001000011011110011110011101000100101111101000000000000000000
00001100111011001001000001010111100100001110000111111010101110001001010011101101101100100101001111011010100111000000000000000000
01111010101000001000100010110010000011011001010001011000011110011101110110011100001111111000000111100110101000000000000000000000
01000010011111100100110011100111100001011101010110000001111100111001010010111011101101100110000010100101000110000000000000000000
00011111010010101010010100010000011001111011010111001101100110010101101010111000100001110101100110110010101010000000000000000000
00011111111110010010110100111100011001011101011110001011110111001100100001000110111100110110011001100110011110000000000000000000
00111110111011111100000100111110010010000010011010001111001110001100011101110101011011010011000001100010001101000000000000000000
01011110011011101100100010010101011010000011001001111100101011100001101011011100110101000100110010010110011001000000000000000000
01001010001100111011110011101001010000101000011110110011001010111101010111010100110111110011111111010111100000000000000000000000
00011010011000001011010110101001101110011111000101111110001011000000111110001011110111100110000000101010111011000000000000000000
01010100001110111110010111011011000100001110001000111011100000100001111101000110111101000010011111001011001111000000000000000000
01000101111101111010010111101010001000110011001110111101000110101001100001111111101101110110111000000111101111000000000000000000
00000011000001101001010110100001101101110111001011010011010010110001111011001111010100000111011100010111011000000000000000000000
00001011011011110010010111001011001110001000001000100001110011101000110110101110110111110000000110101010000001000000000000000000
01111100110010010110100101110110010100100011000111001110001001100001111100101011000000001000000011110001011001000000000000000000
01001111011111000110110011110001111001000010000011011111100001011001111101110111101001110101000011011100100010000000000000000000
01100101110100000110000110111100010111010001010101110100100000110000011111000101010100000111101011100010101110000000000000000000
01010110100111101010010000010001101110010100011110001001010001110001101000110100101000100010001101111011001010000000000000000000
00000010100011011000010010111011100010101011011010001011100011101100100110000001101101010000001010111000110010000000000000000000
00101101111010010111010101001111101001010000010010010101111011111000100000111011000101100001111001100110011011000000000000000000
01111101010001110101010101101001000001100001000011101000000101110001001000111001000000110101011110010110101101000000000000000000
00101111001010111101110110001111000101000000000011010010101100010001001010011100111010110000110110000000101011000000000000000000
00100000011001001010110100000110101100011000010001110010011011001101000011010100111011100110111101011001101011000000000000000000
10000010011111001110110110000010110111110110000110010100111111011000100000011110110101000010011100100100010001000000000000000000
00000011000101000010100100011000010100011110001001001011011010011100001111100001111010110110000011110000011110000000000000000000
01100001101101000001110000000011100111110111001010001110100010110000010110110010101110110100111010100000001010000000000000000000
00010000110001011110100001011010000011001001010001110101010000010000010110101000010100100100110010111110110000000000000000000000
01011010100111001000000110111000011101101101010110001010001101111101001001101110011100110101100000001011010111000000000000000000
01101101101001001010000101011001010100110010001001100110101100000101101111101110100001010111000011000000110011000000000000000000
01101010100011101101100101000001001011100001010100000010011110100101000110011000010101010001010000100000011000000000000000000000
00000100001101000111101000000001101000011101011001101001110111010000110000100011000111000000111010110101101001000000000000000000
00010101110010111110100000110011011001100100011100000010000000011001011110000001101000100101111110111110110000000000000000000000
00110110110001001101000100000011101101110111011101111010101010111101011010100001101000110001110100100101110111000000000000000000
00000100110011100111100110100010011100111001001110001110100101110100101011011001100110110011000010001001011110000000000000000000
01011101111000111101110110011010101000010111011111100101000110111001001000100110011101110100111001011001111010000000000000000000
00111111101011101111010011010111111010110010001111011000101000000001100100001010011111000110100001100010111101000000000000000000
00010101101001011111100001101010001110110011010101001101110100011100011000000011000010110110110000000101100110000000000000000000
01000101011111101000100001110101000010011001000001110000000100010001100111111000011110110011001001011100001000000000000000000000
00100111101000100001100110101000010010001010011111110011101001010100110010110110100101000010010001100011111001000000000000000000
00101001000011011001010100111111101001010001011001110011001101101001110100110010001011000110111000010000100110000000000000000000
00000000111011100001110110110101100000111000001011001110101010100001011010011101100001010100100000101111110110000000000000000000
00101000100011101111110000101110000110001000000100111100110010101000001110000011101011010110010011110100111101000000000000000000
01010101110110100101110110100101100001001111011010001101010100001001010110000110111110110001100011110100011001000000000000000000
00010111000001000001000111101111011110011100010011110101011010001000001011101101001101110111000000001101110110000000000000000000
00101101011010101110100011111101010010010110000010010100110000111100000010110111101011010001010001111000101010000000000000000000
00010101010110000010100011011100011101111011000011001011110110011000001110101100100011010001000101111010001011000000000000000000
00101100011010000100010110111100000011010010011110000010111111001001001011100000111110010001100110111000010001000000000000000000
00011100100010010101100101101111001111111101011000010101111111100100100001001100011010000110000111000010010011000000000000000000
01010111010010101101010001111000001011010010001011100101011001101001100010000110000110000011001100101000111011000000000000000000
01011001100101000010010000010010111100011111011100111100110011000100000100000111001011010001000101011001010101000000000000000000
00100101011110100100110000011110111011101111000101110010111111001001111111000100101101100110000100010110000110000000000000000000
01100111100001101000100110110010010011101101001000111000101111011101000110010111100000000011111100111110010010000000000000000000
01011011010010101110011000000101011110100001000011010100001001100101110000011101001001010110110100011010011101000000000000000000
01001110111001111011000001010011000001100001011000000101000011000001000100001110010101010001001100100100110010000000000000000000
01011010111111001111000110010010101000000000001011011010001101111000111010110011001111110011010001001000101110000000000000000000
00111101000010100100010011010001000111110101011111010000001111001000100001110111001111000001101001110001000110000000000000000000
01110100000101101011100011011001001101011100011010010111111100110100110100000100111111000011000100001011000010000000000000000000
00100100010001001001100010001100001110111110010000111011111000111101010101101000111110000110111001000110000100000000000000000000
00101100110101000111100111101101010101000111011001110010101000000001110100101000011000010011111100100110100000000000000000000000
00001111000111010001000111001000110110010010010000000101111001100101110011000111100111110011001011110100010101000000000000000000
00000101101010100110000110101000010111110110010000100101011100010001111010101101101111010001101011110100111101000000000000000000
01000011101100010001110011001000101011110010011110110001101100001101000011110000111011110110101010001010000100000000000000000000
00010010101110111010100101110001101001100001001100010000011000101101010111111011011001010000110111111001111101000000000000000000
00011111000100010100110100100100100100011111010100100100000100000101011010000011010001010011001101101110100110000000000000000000
00110000101010010101010111100000111000100001001100000011100001100001011100101000010000010111101011110011000001000000000000000000
00011001000010001011010010101011101001000010000010011100100001111000000111100000000011010010010000110100110001000000000000000000
00111100011011000000010000011010101001011000010001101010111110000101101011000011101100110001011011111110011111000000000000000000
01100100100100001111110100110001001101111000010001111101000001011001010101000011000001100011011000100010101011000000000000000000
00101000111010001111000011100000000010110010001000000110000010000000001000111111111101110110100111010000000101000000000000000000
01000110011010100000010011010010010100101111100000000000101001011110000000011011011101100101010000011011000001000000000000000000
00101011101000101111110011001010000111010011010001110100011010000000000001010001111101110010101111011011010101000000000000000000
00010011011101001110110001000000001011101001011000010010100000011100111001011001001101000101101111111110000101000000000000000000
00110000000011110111110011010011101000000011010000111110010010111100001001101111110101110111101111101111000110000000000000000000
00110100010101011100100001001100001000010111000100110111101010010101111111011010101011000001010011000101000000000000000000000000
01110100011001101100000101101000001100101010000000101001111111100100011011111010000110111000000110101100111010000000000000000000
01000110011101010010000100101010001111011000010101011101011010100100100111110111100001100011010010011010001000000000000000000000
00110010111000100111100010101001010001111111011010110000101010101101101011111101101111010101001101001010111110000000000000000000
00100111111110101100010010100000011101001010000110101111111011110101001110000110100010100110010011111010110111000000000000000000
00001111010111110101100111111101001111110011011011001111011011011001100111000000110110000111011100111001010111000000000000000000
00110100011110110111110101110110111010111111000111010000100110111101111000110010100000110011001101011001001010000000000000000000
01100111110000110100110000100111000000011001000000000000111100010101001010010110100100100001110111110001111011000000000000000000
00100000111111011011010010100101100010010010011111011100011011000000010010110111001000000101010111010100100100000000000000000000
00011101111000111100010101000010101100010110000111011100001100010000110011010100110010110001101111010000010111000000000000000000
01101000000010011100000100111110001011001011011011101000110101000001100111000011101000100111010100100101000111000000000000000000
01101111000100001111110000010001001111000011011101000100011011010101111110111101001101110101111110010011100011000000000000000000
01101010011100100110000111111101100100100101010100001010011110100100101000100101001010100101011001000010001100000000000000000000
01100101111000100100000111011110111101111011000001100111000111111101010111110101000101110110011001111101111101000000000000000000
01111001000101000100101000000111110011010001011110001111001101011001000001011101010010000101010010011111110101000000000000000000
01110111010000101101000111110010001010110000011000101010000111011001010111000111100101110111000000101111110011000000000000000000
00000101011000001011010110011111010100001011011011001011011111010100101110010110101010110110011001100001110001000000000000000000
00111100100111110010000111000101001011111111010011010011110001010001110011100000101100100001111111011100000000000000000000000000
01000101111011100000000101101010110001011110011110001010110101100000100111000011111111010011101110101011000001000000000000000000
00000101111010010111010100101001111101110110000010111001011110100001001101110101001111110101010011010001001011000000000000000000
00010110110110101101010011001100110110001001000100101101100110111101100010000110010100010001011110011001001010000000000000000000
01100010011000011110000111100001001010000110000001111101000011001101010100100101011100000010100001000110010101000000000000000000
01100111100001110110000001010101101101100001001011111011111101110101100001011001111101000001111010011000011100000000000000000000
00111110111000000101010111010011011110011010001100100011100110011101100110111000101010110000000101010110101000000000000000000000
00010011100100001001010101001001110000100011000000101101000000110101100000011001010010110111010110111000010111000000000000000000
00100010101101000100111000001000101011010000001110001100010100111101000110011010010110010111001010000010110110000000000000000000
01001101110110111100110001011011011111011000011000000000101111001001010100011101110010000001010100001100110110000000000000000000
01100111111011000001100001001000101001101011001000010000011011011000011101110010110011110110001110000000010000000000000000000000
00011010001010111110000010110111101000001010000100101101001011101101111110111111101011100111100100001101000001000000000000000000
00001001001010000001100001101011111111001101001000111000000100011000000011001111110100000101010011110011100011000000000000000000
00001001000101010000101000000110111100000111011110111111010011111101010010110011111010010110110101001000001111000000000000000000
01010110010101010110000001100111110101000111011011010100011101000101101001001101010111010101111011101011100100000000000000000000
00000111011110110111010001100100100011111101010010100001100001110000110111010110010000100111011100110100000111000000000000000000
00110011101101100111000001101100101100010001011011111100100011000001110101100110011101110100111011000110111001000000000000000000
00000010111101101100110111101001110110011010011100011111111011011001001000011110111101010001001110001011000000000000000000000000
01100010111000000111010010101101001101001101001100011110000100010000010000111110001010100101001101111010101010000000000000000000
01000010011111000100100110011011010011111101001100001001001101010001111110101000001100000011110010000000110100000000000000000000
01111101111001100001010101010101100111011101010111000100001000110000101111101110000011110010000000111111001001000000000000000000
01000000110111000000100110100110011011111001010000000110110111011001000110001111011000110101101100000111110010000000000000000000
01101000001001100111000011000110101011000111000111001100001101110000000100010000111100100011001111001011000000000000000000000000
00011001001101010010110101000111000000101001010110001110010010001001000000001101000010000011011011110101101001000000000000000000
00010010100010101011110010010101010111011011000010100100011000111001110101000111111111110000011011001010110110000000000000000000
00010110111010110000010100111010001110010110001111100100111110011001110000100101100011000010101000110001100100000000000000000000
01101100000011001100100000100000110110001010010011011010110110100100101100100110000100000001101000010011101000000000000000000000
01101011111011110111100101110011010100111110001010111101101110011001010011100110101100110100110100000110011101000000000000000000
01101100101000101101011000001011011100101111011011111010110110000001010110001101111111010100001100010001101001000000000000000000
00111011100111001100010101000111001000101000010010010101111101010100001010011111011100100001101110111101001101000000000000000000
00100011101000111101000111111110011010101010000000100111010000100101000110000000011011101000001011100111101111000000000000000000
01000000010111111000010001001111110101011000100000001000110111001000001111011000011010110001100100100010111001000000000000000000
01000111100011000110110010010001010010010110011101110001000110101100001100111101011100000110101011011101001100000000000000000000
01110111000010001000010011100001011111000101001011100010100010000101101111010000101100100000000010100001111010000000000000000000
01001111101001101111010010101110100100100110001101101110001011001000100001101011100101010001000000001110110110000000000000000000
01111110110110101001100010111010011111001100000001101101011100101101110100011111110000100001001001100000101001000000000000000000
01011110010111010101110111000101111011111100010001001000110110100101001101100110010000100010101100101111001011000000000000000000
01010000110010110011000111110000100001101101001110111000111100011100100110101100110111010101011010110101110110000000000000000000
01010010111111100000010010010110001011001011011000000001011010101000011100101011001100010001111001010010101010000000000000000000
00010011111000011011010011001001100000000000001011110100011111001100111110100011100110000000111011000011100110000000000000000000
10000010111011101010000100011010100100001100010001111001000000100000011100101100100011010011101101001100100010000000000000000000
01100000110110001001100010000110011100111001001011001111010101011101100010001010010110000000000000111111110111000000000000000000
00010010101110100111100011010010110011010001011011000100000110010001001101110000110101110101111010001011001100000000000000000000
01100111011011101100010001100001000001010101001100000010110001111101100111000011101001010110001000011101111110000000000000000000
00010100000110111011000000111000101001111110010110010010001011101001110110100100011100100011000001000101110100000000000000000000
00101110101000100110110001110011111011010100011010000111000001100100000101010111110011000110101100101000001010000000000000000000
01111001001000111111000000000000000111000011001100101100101001010001000101011000001010000000100011101001110000000000000000000000
01000011011001111010001000000111110001010000010100001100111010001000001101010001101100100100101110110100001001000000000000000000
01101110010010100101110010001011001101101010011000110110000001100000111101111011100011100001111111100011000001000000000000000000
00001010000011111111000010111001011100100010011001110010110100110101110101000111010111010000011101000010100110000000000000000000
00100100110010110111110100111111011000111101011000101000101001011000110101000110010101010001001100000100010101000000000000000000
00011011011100111010110010000001000100110100001011011101011111010100110011001010000101010110101010011101101110000000000000000000
00000110000101010101100001110111101001111000001101001100000000101001111001001010001101100010000001100101011111000000000000000000
01010100111001010100100101001000010011011000001010010010010001010001101001110100010101010101111100111000000011000000000000000000
01110011010111011011010010011000111011111110010001101110011001101101110111101011001010010110001001111101000010000000000000000000
00001110010110010010010001110010011010010100011001110011100011000001010001011011001000010001011010010111110001000000000000000000
00011101111111001101000011000000100000101011010000101111110100001001100101011101101101000110001011010110111000000000000000000000
01011000000111010101010111110100010011100010001111100010100100001100101011000111001100000000100101001101100100000000000000000000
01111011001110011110110111110111111010001001100000011111011001011001110100001111011011110110100001110010111111000000000000000000
01010010011011000100010010100110100111011011010010010110000010101100101001000100010011100000111100001010010001000000000000000000
00010100000000001000010000000110010111010101001010111101001110100000111001000000110011100110000110000101011110000000000000000000
01001110100010000010110001110010001001000100010000011001000000001000010010001111111010010000101110100011011110000000000000000000
10000010111110101001110011111110010010011101000010101001100111110000000000100010100110010101110111001001011011000000000000000000
00100001010010100001000111110111000010010110010011000110000000100100110110011011100001100110100100000011100100000000000000000000
01101011001000000011010010011000110101110111011101001011010101100101011010011011111100110011001101001010101011000000000000000000
00010010101111000000000111000111111010101011000001111111010111110000010100100101000101100100100001001011111001000000000000000000
01001011111001110111100110110101101101111010011000110111001110100000001110100000101100100100110100111101010000000000000000000000
01111010011101110011110110111110000100100000000111110001000100100001101011110011100101010011101100110000011110000000000000000000
10000001111000010101010001111111010011001000100000010011101011101101111011111010111001100101101001001000111000000000000000000000
01101101110000111011100000011011101001000011010111001000110101110100101100011000110100110001011010111110110110000000000000000000
01101000001101011010110011111000101001000101011000001000000001110000001111001001101010000111011000101010000010000000000000000000
00001111101001111101010000101000011000010001010111100101010001000101100001011001010001000001101111011001101010000000000000000000
01101111011100010100010110001000000010011111011010010101101010111001100010101001101101010101000001111011110111000000000000000000
10000010011100001100110010111101111010010110001001111110010101101100010011101000010101000010001011101000011111000000000000000000
00011111010110101101100111100110110111010011000110110000100101010101010100001011001010110011110011011001101000000000000000000000
01001100110100101100010011001101111110101010011000000101110011011100100011010101100000110111111101001000000101000000000000000000
10000010010101100110000110010010110011101011001000111110001010001101100110101101011001000011000011111101110111000000000000000000
00000000101100000001110101001010110001000110011001011111100000111101101000110111000110110000101101010000001101000000000000000000
00010110111001001010110011101101010100100010011000011110110101001001000000100011110001000001011101110110010101000000000000000000
01001110100001010011000111110111100000011101000010001101110001110000010111001011010011100001101010111110110111000000000000000000
00011111010101011010000000110001100000010011100000001001001100001101111000001100101100010010000101010110000000000000000000000000
01010111010010111100010011011001100101011101000101011011000010110101111011000001110111010100111110100001110010000000000000000000
01101011111010010000000000011100111101001110000011000101110000010100001011101111001111000000001000001100110100000000000000000000
00011100100100110110000011000001101111111010001001101101001010010001111111000001111110100111001101001110001011000000000000000000
01111110111100101111100110111100000001001011001100110001111100001100001101110111111100110110010011111010001101000000000000000000
01000100011100110100000011101010000010111100011010011100100111011001010110110101110010000101001010011001010111000000000000000000
01000111011011111001010111010110000110000010001010011010111101111001111010010101011000010000011111001001011101000000000000000000
00101000010000101011100100011111111111000001001111001000101010001101110111111111000101000000011011110110101010000000000000000000
01111011101111110110010011010000100001101100001111000010011000001000011110000011111100010000010101001101000101000000000000000000
01100111110110000011010101100100100110010110001111110111100001001101110011100011000011100011010011000010011110000000000000000000
00101110000010011001010011001101001000110100001100111000111001100000001001001111000101110100010000010111010000000000000000000000
01101110001010101101110001010111100001001010010110110111011001111000101111100110001100100000010000100011000000000000000000000000
00010111110110000101000011011110000000101100010110111011011100000000101001111001100111100000100001010110011101000000000000000000
00001010001010011011010110011011010001011111000111000100010010101001001111101011000011000101010100100100011011000000000000000000
00101110110111000010010001110100001111100101010011111011100010010101011110001011111011100001101101101011001011000000000000000000
01011111100111100110010100101111000000010100001001100011111100000001001100100001110001100001010111111110000001000000000000000000
01101000001000010000100101110001001010011000011100011011011000011100001110100000111101010101100111101110001111000000000000000000
01000100100110100100000010101100000000001010011100001000111001110101110011001011011111010101111000000111101101000000000000000000
01011111111010110011100101001010011100011111011001101001110100011000011011001101100001010001101110010100001110000000000000000000
00101001000100111011110110000111000000110000010101001001011101100101100111110101110000100000010101111100010101000000000000000000
00110100001000111000100110000101111111100000011110100111101101011101001110010110100100000110111000111111000011000000000000000000
01101100111010100110010100000010001010001001011110110100110011110001110110110000011011010111110001100010100110000000000000000000
00011011110001000001010111010111101101001100010111111010011110110000010101110011011110000001101101011110110100000000000000000000
00010111110011011000000101010110000001010010000111101111001001110100001111010001000001110000110010101101111111000000000000000000
01100101001010011001110011110111000110100110010011100101111011010110000001111101011110010100110000001101110110000000000000000000
00001110011010011010110111011111101001101001001000001001100010111001110101000111000111100111000101101110111010000000000000000000
01101111000100010000000111010110101001100111011110111101111110011101000100000011101011100100110010011100000100000000000000000000
01000101111111000111110111001111100110011101000001011110010110100101010010000110001101110000011101100101101000000000000000000000
00110001001101010100000100010000100111011101001100101101010110010000101110111011101010100110110110100101011001000000000000000000
01110101110010001101010101101000110100011101100000100010111100100100111111111000000101110010100110111010011001000000000000000000
01011100011010110001111000000100000010110100001001111100100100010101011110100000100010000011010101001100110010000000000000000000
00010010000001011010010010010001000111001000010011100001010100100101110101000010000001100011001101111011101000000000000000000000
00000000000000011010100001000110110101010000001111100110100101011000001011011110111000100100000111001010111011000000000000000000
01011101101111011000110110011000001000001001011111011111010000010000001000101111000011010000011100001110010111000000000000000000
00101010111101101011010010011101100011011101010110010010110010000001100111110101011001000001100000001001010010000000000000000000
00010101011000011101000010011101001000110100001111101111111111011000110101010110101010010110100111000111101011000000000000000000
00100010101100010100010010110100111100011111011101100110001011000100010101010101101010010100011101101100010011000000000000000000
01011000100111100011000001100001101001100010100000001010110100011101001101101001101001010100110010000000100111000000000000000000
01000010100001100001000001010001111101001001001110100100111100100101000011101110010011010011101111111100100010000000000000000000
00010000111110101101100011000011110110001100010011011100010001011101111000000010010011010011010011111101101101000000000000000000
00111101111010101010100011101000010010000111010100110011011001100101101100111011011001100110100000101101000110000000000000000000
00111011000111000101110100011000110010011100001011101101100010111001100101010110100000000100101001111010111110000000000000000000
00011010000000000001010110110100001110110010011100101001001000101101011011000100001011110111010011100010110010000000000000000000
00010001011101111111000111100011100000001110000011001000110111111101101000000100010000110100101000101001010110000000000000000000
01001110101010111101110000101101110010010101011111011111000001111110000010101100111010100000110101011100101011000000000000000000
01001100101101001110100001110001100101000000000000101101000010010101101111101001011011110100111011010001010011000000000000000000
00100010000011111100100010111100101001101110010010101011000100110001100100001000101001010011101111111011100101000000000000000000
00011111000011000000110101011011111001000100000111110001100100000000010101100000001011000110001110010011010000000000000000000000
00101111001001101111010111110001011011100001001001100000111010111101000000010011010000000001101110011011110111000000000000000000
00110110100001101010110110011111101101001101011010001001011101101001111011110101101010100110111010110101110011000000000000000000
01000110001110001100000000110101001001111010010111000000111010101101000001011000000011010111111101111011011110000000000000000000
00011010101010010101100111100111001001110001000111000110111101100001000100101001111000000111110111010100100110000000000000000000
01100001100010101001110100100100010111111010010001011111011001000100011100101101000010100001010001010010101110000000000000000000
00110010010001100000100111000110000000100101001101000010110001000100100101011001011000010011010000000111111111000000000000000000
01100101100000100110010010110100100011010100001100101011101100010101000110000110110110100111001110011101100010000000000000000000
00101010111011000001010011000010010000111001000101111001001010011101100010101100001110010110101011010101111010000000000000000000
01000110111011110000100010111001101000100100001100101001111101110001001110011100000110000000000011101101111111000000000000000000
01011100011010111001010011001000011010110001011011001101110011111000011100101111100000010000111001001001011000000000000000000000
10000001010010000011000111101100111011110010011101110011101101000100000000101110000110010000010000100101011001000000000000000000
00101111101100000110010010010100010011110011010101101110001111101000010110100010101101110000110011011000110100000000000000000000
01111010000100010110100111110110010111011010010010111110111011100000100011110001010011100101011001101010110000000000000000000000
00000111011100010111100010100100010111001010010010110100011010101001100101100011101011000100000010111100001110000000000000000000
00001011000110011010100001001000001000011000000010101110101110000100010001000111110001100001001011100110111110000000000000000000
01100001010110010101110110000001101100010000001111110101011011111001110010101011000011000010101010011100001101000000000000000000
00110101111011001100010110111010000001100000000100010101001000101101110100001101100010100011111010011100000110000000000000000000
00110011010011011111000110110110100011100001100000000111111010110101001011001010110111100000100110000000011000000000000000000000
00011111000111110100010010010110010111010001001111010010011111111101101110001100001111000111000001101001000110000000000000000000
00110100111111001001100101011111001110001100001100000000100000110000000000110001010110010111101111011001111110000000000000000000
01100110010010101110000111101000001111110000000100011000100001010101101010101011110100110001110000011101011111000000000000000000
01011110000111111011110000101000101010100010000001001101001011000001000110110010000011100101110110011001101001000000000000000000
01011011010011000110100011101110101101011010000011111111101010011101011111010111001111110001111001000100011010000000000000000000
01000111110110000000110010101101001010100101001010010000101110011101011101000000011111000111000010110111001000000000000000000000
00000011001001100001110011100101110111110011010001100110111001011101001100110001100001000011111101000111100110000000000000000000
01110010111111010110010110100110100010111110001011100101000000001100000011000111100111110111111010110101000000000000000000000000
01100001011011000100000011111010110110000001001110101110101101011101110100100101011110000111001000101011011001000000000000000000
00011111100101101111000111110101011101001000011010111101101011001100111101000010101011100001100110010001011000000000000000000000
00111100110111000011110011011001010001010000001001101101100100110100001000010100011000000100111111101110000101000000000000000000
00110001100101101001100001100001111100010001011010010111010101001100100011010100110001110011100001010100111011000000000000000000
01011111010111011111100010101101000101100110010100011011011011100001001001101110110000010001110101011101110110000000000000000000
01101000110100010010010100000001111111010111001001100010111101100100100110001111111001010011111011000010001111000000000000000000
01010010110001111011010010000000101000100011010010101000001100000101111011100011101001100001110100101100010101000000000000000000
00111101000101010100000001011010111100011100001101100000111001110100000111101100011101100110110011110010001000000000000000000000
01111011111000110111010000001110110111011111010000001010110111100100110111101100001111110011011110010000110110000000000000000000
01000111011011001010100110011101001000000100010101010111011111100100000110101101110101000101110011000000111110000000000000000000
01100000101010111000100110101011011111100011010011011100111101100000001111001111000000010101101110011111001100000000000000000000
00111110100010010101100001100001111011010111010111010000011111011101000101110110011100000100010111010001111111000000000000000000
00110001101110111101011000000011111100000110010011110100000111010000100011100000110010100001111010110010011010000000000000000000
00001000010111011000000110001101100011000101000000101001011111100100101001010110010111110001110110110000001111000000000000000000
01101111011010010101000101110010000100010011010111000111000001101000000000001110101110000010101100001110001010000000000000000000
00110001001011100111000100111000110010010010001101100000001100001001111111111001100011100010000010000001111111000000000000000000
01000110110010000000100001011100011101101111011110010010010011011100101001101010001101000100011011101000100010000000000000000000
01010010110110001110001000001000011110011011000011101001000001000000101111101101111101000100100111011110001011000000000000000000
01011111010001101111011000000001110101101001010100110011010111110100100011010111000111110110100010100001101110000000000000000000
00100000110001110110000010001101101001011110001110111001010101101100110111110111011111110110000110000111010001000000000000000000
00111111100010001011100100100101010010000111010101000000101101000101000000011010011010000011111010000110100101000000000000000000
00110010001111001101100100111100110100011001011001000110001111100100000011111001100101010110001100010111111000000000000000000000
00101000010011011111100100111000011100110000010111010110000101010001111100010110011110100011000010110010011100000000000000000000
00001000000110000100110101001110111010101111011011010011100010101001010000110110101111010011110010011110111101000000000000000000
01011000011011011000110111001010101100011101011011111110101000101000000101010001001011000000001010101100010111000000000000000000
01110100110110110111110011001001011010101000011011000101110011011100001101100110101100110100100001101111110111000000000000000000
00000000111110010010100001110011110000001101010111011111100101100000111100000000000010110110110100010010111011000000000000000000
01111010010001100111110011001110111111110011011001111111110000001000011100100011001101000011100010000010100100000000000000000000
00100000000111001110100110010011100101011101010101011010000010010100101011100100010100110100100011100000111000000000000000000000
01101000100000101011100010010111011100010110000001111001100011011100101100011110010110101000000001100010101111000000000000000000
00100010000100100000010011010011100110001011010001101000001100100000010001111101011000110001111111001110001000000000000000000000
01110010110111110101000100010011011101000000011100100110111010111000101110001111111100100100100011011010110011000000000000000000
01100001001000111001110111101001111001000111001000010110101010101100010000001101001010010010010110110110110110000000000000000000
00100000000111101011110100011011011111100001010001111000110000100100011011011000100001110100011011010111010101000000000000000000
01101111101001011101110100111010110101110000100000000001010100001100001000010001100111000001111101101101100101000000000000000000
00010000011000101110110111010111100001101111001110011000101100011001101000000010111011000111011000110000001111000000000000000000
01111111101110101111010011001000110010101000000111001111000110010101100001111011000111000011100001010001010100000000000000000000
00111011110011011100110001110101100010011000001010000110001001111101100011000101111101100000100100010101001010000000000000000000
00000111010100000011100111010011011111010101010111001111000101001100101110100000101011100110100011111110010001000000000000000000
00001001011100110100110011101011111110111110000011011101101111101100110000111110001011000000101101101111001111000000000000000000
01111110001100001000100100000101111011010001011001010001001101001001000011010101100100110011001111010111000011000000000000000000
00111010101010001001000101010011011100010000000011001010011111100000010000001100001000100101100000011101100110000000000000000000
01110111110011101001010100111101101011010010010101000100100001100100100111100110011110010101001111000001010011000000000000000000
00001010010101001111010111010011111100110100100000011110101110011100101011110100011110100001001101001111101111000000000000000000
10000001001010001010010110011100001111001101001110011010101101100001011100000111010100010010010010010000111110000000000000000000
01111111000110010101100001001011111011101010011101010110011001010100011011100000100110110011011010011010010000000000000000000000
00001100011001111011110100000111010111110000011011001001010001010000111101110000011100000001101100000111001000000000000000000000
01111100111010001000010111010101110000101001010101111011110000110100011000110110111110100110000111001100111100000000000000000000
01000000000011011101000011000100010001001100000010110010100110000100110000101001000000010000001111011111110011000000000000000000
01111110010101110001110010100000011000111110000000000010010001010000011100101010101111010011100001111101010010000000000000000000
01011110110010110011010010100101100110010110000011010010100010011000110110110100111011010001111011110010110000000000000000000000
01111100000000000011000011110001010111101101011101100000011100110101111101100111100000000000001100111000110110000000000000000000
01111111010001000101010011100101011000010000011010001110010101100100001011101011111111000000010001110010000010000000000000000000
01111110000100001010000001110010011001101010000100110001110011001001101001110001010101000000110110000010110011000000000000000000
01100110110011100111110011011010011001001101000011000110010010011100000111111001110100010001000010110010000001000000000000000000
01100000010110001010010000001011000000111011010000010011011101001100000100010001010011100010110110001010001111000000000000000000
01100011010011110111011000000011001110010100010001000111110000001000111001110110101001110111010110100000001110000000000000000000
01101010001110001010110111111101001011111101001101011001001110000001000101111001001111000001011101011001010000000000000000000000
00001001001001011101110110101001010100000101011001101010101001100101010001101011110011100111000100011001100111000000000000000000
00010101111000011011100010011010101011010001010101110100110101010101111100100110110110010110010010110011111111000000000000000000
00000010000100110010100100001001000010010111010011111000111101100101011001111001111011010000011011100000100011000000000000000000
00000011111110101001110001111111000011101010010110000000000000011101111110001010110101100011001001010101100001000000000000000000
01010101100111101110100110111010100100010001000101000100000100101100111000011111110110010001000100101100011100000000000000000000
01001110100111010101110111100010111110010001001000000001100101110001001101101110111000000111111001100000011001000000000000000000
01010111001011011000110100011010110100100111001000001100000110010101111111100011000010010000011010011111110000000000000000000000
00001110000001000011000001001100011101001011001110011110100100101101111011110001011101110100010010111000100010000000000000000000
00101100000011001111000010100000110011110001001001001111101101000110000010101001100101100000000101111110111111000000000000000000
00010111101010010001110011110000101000110010010010000101000100101001011100111101111111110111101100000000111010000000000000000000
01001110010111011110100101101111001110001000100000001100101000001000001011101010001101100000000100011101101101000000000000000000
01000101000011000100010101010110011011110000000110000110000100101000011000110110000101000010011111111100111110000000000000000000
00010010011011111100000111101111101100101000000010001011100110100101011100000000110010000100001000100110111111000000000000000000
00100011100100001001000101010010110100101000000110001001101001011001001000011000011001010100010110100111111100000000000000000000
00011101111001111001100110000100110011010010001011011010101110110000101011110101011111110010100001000100000000000000000000000000
00100001010100111100010010001100101001000010001000000010011001010000101111000111111110110110110001000111110110000000000000000000
00111001001111101110110011011000111100010001011010000110010000101101111110110110000001110101101101101111000011000000000000000000
00101000011010011001000100011010111101000011000010101111010011001101010101101100111011101000001011000111101110000000000000000000
01001110010110010101010001111111000110101010011001111011100100010001110000110101110110100010010011010011000100000000000000000000
10000001110100010100010001000100011110000100001001111010100000111001110010001110000010010011100010101000010101000000000000000000
00110111110111000000100000001010111001001111000010100111111110110100111101101011000011110100010101000110110101000000000000000000
01110101110011111111100010010011110111000001011001111110001101110100101110001000101010000010101011100011100010000000000000000000
00000101010100110001110011010101010111100011000000111101111101011101010111110100001111100000010101101100001000000000000000000000
00111010000000011101000010100011000000000101001110110101101001101100000111111000110100010111011011111001001000000000000000000000
00010110000001111000110101100111101101001100011100111000110011010101010010011110011100000111000000111100100000000000000000000000
01010010000111101101010110101011010011101000001010000011110001100001100000110110000111110010101101001101000111000000000000000000
01111000110111111000010001000010110011000010001011110100010000000001011110010001011111010101010110001111101010000000000000000000
00101101010111110010100011101011000111010011000001101010101100001001110101100010100111010110010100001000100101000000000000000000
00100011000000111110000100011100110111001101001101010010001000011001110001101100100010010000010011100011110110000000000000000000
00101110001011001001110011011011110100001111010111110101111110011000011101000111111010100110101111000100101010000000000000000000
00110101010001110010000100101100000000111011000001110111110101001101110101111111111111100100100011111111001100000000000000000000
01011001101010010111010110011001100100010000011000101110010101101000011101111101100101110001000111001110110111000000000000000000
00100010010001111100000011010000000001000010000110110100111101011100110000011010110111100100000001100000101110000000000000000000
01100110101011101100000001100011011010100011010110000101010010000000010111101110001001110000010100110101111000000000000000000000
00110110000000110100000100110111111000011101011000100111001011100100000001100101101000110011010010001101111111000000000000000000
01000101100001000000000101010001100111010101001101000011111100101000010100101001001101000111011100110101111011000000000000000000
01100000110001010011110100011101111111010110100000001000101011110100110011111001011110010010100110000001000010000000000000000000
01111100101100111101000110001010100001100100010101111010001110111001011000001100000001010100110001100011101100000000000000000000
01001010101011001110010100001110001010100000000110100110100110001101001110101100001010010101111001111001100101000000000000000000
01000010000011000111000111110010111010111011011101111101111111100100010100101001000101001000000011000000001100000000000000000000
00100100000001011101100000111010101011100101000000001011000011010101111001111000001111000001010111100100010110000000000000000000
00011101000010101000000010001000100001010010011110111001000011010001111000011011001011000111101000111001011110000000000000000000
01111011011111100000010110011011101100011100010000110000101000010000101011011111111000110101100011001100011010000000000000000000
00000101001010101001010110011001100000000010000000111011001001100001010101001001010001000001101010101111110001000000000000000000
00111111111110101010100110101011000001101001010100110110111110111001001100010101010111010011001011011000111100000000000000000000
10000000000111000110100100010010000111100101010001011100011001101101101100100100110000010110001101010000101110000000000000000000
00011001011100000010110101000111111000100010010101000110001100000000100010010101111110100011100001100010101111000000000000000000
00110010001111100110010110101000100001010100011011111100111110101001010100001110011001000011011010100000110001000000000000000000
01111011000000101111010011101000100010101110011101010001000001010101011011000010010111000110101100100010111110000000000000000000
01011110001000011000010010000100101100001010010101011011011100000100101001010110010001100101101011111001000111000000000000000000
00011010100011010011001000000110110101000100011001011100101001111001110001010011100111110001100111101110111000000000000000000000
00000000000111100100010001110111000011010100010111111010111001111101010111110110001110011000000010101100010100000000000000000000
01000000111001010011000001001101010111101111000000110000101001110001001010111010111110100101111110100111000001000000000000000000
01100000101111110011010100110010101111000011001011001100011010110101100111011000110100110000001011111010100110000000000000000000
01110101100010001100010011011011001000011011010000011101011010111001100100000111100011110011001101011101110001000000000000000000
00110110010010111100010010001001110001101001001101100110110010010101011011101110100011010010000011001111000011000000000000000000
00001101001101011101000000000011111101011000000100001000111110000101001101110011011011000111110000010010110110000000000000000000
00111000110111000100100010100111110111001100011011001010010001111100100011000101011100110110110110111100011000000000000000000000
01000011000101101010100100000001011100000111010010111010110010001001000000100000000001110011111101100111001000000000000000000000
00100011111110110101110011010010010000010111001000111100010111100101011011011110010110110010110110000110110101000000000000000000
01011000001010111000010110010110011010001000011111011110011111110101011000101101001111010100010110101010100010000000000000000000
01101100011001010110110100110010000100100010010011000010111000001000000010010000001001010100011111000100011110000000000000000000
01101101010100111001000000111101110100000101000101001110101111011100010110100110101001000100001011001001001010000000000000000000
00000001011100011110110000101111110111110111000000010100110011011110000000100000010111110100111101000001001011000000000000000000
01110000001011100101010101000011100000010111011100110111000000000100010010110111000000010001001101101110111010000000000000000000
00100010011110001001100011011011000111000010011011010100011111011001101000100111110100010001100101010100110000000000000000000000
00101100100000100000010011010011111010110000100000010011001001110100000010000010000100000110110111110011110101000000000000000000
01001111010000111101100111000011111010101101000000010011100110101101110101111100111100110001110110111010000111000000000000000000
00000011001100010010100100010010011010110101000111111011000110010000111000001010001000110010101110101011100100000000000000000000
00000111011001101010110001110010010000011101010000100001001100000000000000110010001110110001101000101100000011000000000000000000
01011001010110110110000110001000100110010010100000011011011010011001001110001101100000000101111011001001110100000000000000000000
01000110101110101000000110110010100010001001010000000111100100110100111100101001000010100010100001000101001101000000000000000000
00010110100110010001110110001000011101101110011000001100111000111001110010011111101111000011111111101111110111000000000000000000
01001001110010100101110101100100010100100000001100010100001101001100000010110011111001110011011010001110100100000000000000000000
01111001010011001011110110111100000011011010011111010100010010001101000111111111101010100101000101101010011000000000000000000000
00111000100101000101010001111101111010110110011111111001111110001101101101111110001011010111110010100000000110000000000000000000
