0000000000000000000000000000000000000000000000000000000000000001
1100101000110011001110101101000101110011111110110101111000000111
0000011001100000111110110011000000100110100011011100011010100111
1101111001101101011010100101110010101000100001111001011101000110
1110110000100111011000100110101001100101100100010000110000100001
0010010010101101100101101011010101010011011110000110011100111101
1000011010101100011110111001100110010000100100100010100011111010
1101000110000110110100001100010110100000010010010101000101010100
0010100101000101000101111001110110100000100110000111011000110100
0011001001110000100110101000100111111111011000011011001101010001
1111011000101100011011111101100001110010010010110011000001101101
0111111001011110101110110101110111011101110100001110010001001011
0111000100001010001011001011011010100111011111011101101000110010
1011100001011101101000101001110100000011000110011000110100110011
0110111000101000101001101000001011100111011000111001101100011011
0111101111011100101100101000111111110110101010010101000101001101
0101111110011100010111100100101101010011000101011010101001100100
1100100100110010000000111101110100001010110010000000101001010111
1110100110111111000110100110001100110111010000000100000010001111
0111001111010111011000100001001111010100110010011001110011111010
0000011001001100100000000010110111110001011000000110101010110110
1001111110111111011110010111001000011000010100110101100110100101
0001101011111100100011111011011001111100101010010111111111011111
1110010100010011011011100111000100110000001101110111110000110010
1100110101100010010110111111111000010010111100011011100110001001
0111110110000101100000101001000111110111000101001010001011100111
0100110011110111011011000010110001001101001111000110100001100101
1010111111011010010100101010110100111111000100110010111011101000
1001111111110101011000111000011111101011011001001100111111011100
1011000010101010000010110110110100001010010001000000100101100100
0110100100111100111010110101111001110110100010101101010000110011
1000100010100001111011010101111110000110011111111111101100101100
1000101011011101000100101111010100100011111010001100101110000110
1110111000110111010110100111100011011101111011110000010000111111
1001001101100101011001001101000010111000111001100001001000111110
1101100110110000001110010101100001111000011110111000001110111001
0111010101110101010110111000011111110111000000101010111000011111
1100000010101000111001101100100011001111110111110010000100001011
1001111011110110111111100000001100001000010110101010111010101111
1011100010100010100100100101010011100111001111000000000110110010
1001000100001000000000010001010101011110000011011011110010100111
0101111100000000011010111001111110011010110111111101010111011000
0101110110010100011100000111100010100000100111011101100010110100
0110011101101111101110010001010010011011100111111110010101011100
0011011011011110110101000011010111001000001011111000000011011101
1110001100110101001101110011101001000111011011100001011100111100
0100000011101101010110101010010101111000000010101101000011001011
1110001011101101100100000011010001110000010011001010011001011001
0110001111001010101101100000100111111111101101100101110001011001
1001001001001110100111001001010101110000100111111000010000000010
0001110011011111011011100110001011100110101010000001000010011100
1000110101111011101100101101100100000100101000101101100000101100
0100000000011010110100010010100010001011101110000000111100011010
0101110110010001100000010000010110000001110010011111011101110111
0111001010100011100100001000100011110000001111001110001010010011
0010110100011101011000001111110000001110011000010011001110000010
1011011111100011110100001011101100010001011100001001011011010011
1110100111011110000001001011010010100111011110010000100010100110
1010101101101001101101101001000100111000000111000011000111001110
1000111101100011100000001001001010010011000111010001110001010100
0001111001000001110000011111111110100101101100010111011011110011
1111011101100001000110111101100001011100110111011111001001010010
1010101100110111010010000001101100000110000000011011001001101000
0000000111011110001111001010101110011010001000001011010010010101
0110000111111000010000001111100111010101111111000101001110100100
0011000011000001001101011000111001100101100111111110100111110101
1001001100011001110100010100001000011001011110000001000110011011
0011100100010101000011110011100100101100001000101110101101001010
1011101101010011011101101101101100101011000110010101001111110110
0100111101111101010101010011100011110000001001101001011001000001
1011000101100110100010111010001010101011101100010000110111001100
0000101010011110111011010001111011000110001100011101100011101011
1110110000010100000010000010010110111000001110110111111011011101
0101110110101010101110011110110010111101011000101110101011100010
0011001010101010111110001000111111011111000000110001001101100110
1101100011100101100010101001111110101101101101100000000100101000
1100100110001011001010011010011111101111010110101000100101000100
0000110110000101001101100100100100001111101011011111111000011001
1001101011110101010111000011100111101110110010001110011111100010
0011100110010111100100100011100000111101011101011101000110011111
1110101010011010111101011100000110111111111011110000011001100010
1010011101001100001011101101000110101101001000111001011100101100
1100111010110001001100101111110001011011011111101110011010110001
1010111010001110111011001010110010011110001000100110011100110010
0101000000010100100001000100101010000000011011001110001101110000
0110100011001011000110001001011100111110110111101110010100101001
0101000111000110001110111100101001011001000100100011011110010001
0100010100101000110010011000110000011000011100111101101101100110
0101011010010100000000010100011101101000100111001001111110110010
0010110000100111000010001010111110101011111100010111011111001000
0000101101011101011110000010101000110011010010111000001001001111
0110011010010001111000111100101010100001110100111110111001100000
0101101101100110011101011010100010000111001100001000011111001110
1001000101011100001110101111000010000011000000111111101001110101
0001100011101111001010010101110101011111001011001110111100101011
1111011000010111001011011100101001010101111001000101110101111001
0101110100000010101001110101010000010001111101001101111001110000
1000101011000010111111100100010100100110100101101000100000110011
1010110010100011000111010111111101101011101000110100000100000001
0000000000101010110000101110011111101010100100101110001111000110
0000100011101000111101000111101011111000001101100111101100001100
0111111111101100001001000001000011111110011011101110000111100011
1110101110100101100000011111010111110111011100000110111111000001
0111000010110010100001010011111001010010101001001001100011110110
1111110010110010001101000101100101110101001110101111111111000011
1110010010010101110011001010001101001111111110000101001001000001
0001001101110101000101001110010011101010010100010111110101011101
0011001010101010111111101110010010111001011100011011000111001110
0110101000101100110100100101011000010100001001110100110001010110
1000011111010010001101100001111001001000001010010110101010111010
0101000100101001000111111001000010001000000001100100010101110110
1010101010000011010010011100001111010100101001011100111101001101
1101110111010101110010000010001110001010100001000000100001101100
1000000101100001000100011001001110000001100111101011101000100011
1110011000110011011010000101000011101001010011011111101000100111
0010100100001111000010000011000101111000010010101110010111111001
0000100001010010001011000001001101010101101100011001110001100100
0000011010001101000111000111000001010100011100011101001101000100
0111000101010101111101101101101000100011100011101111011000001101
1110001111011101011111111110100010110001100000110011111011010101
0111010100110100110011111001010011101100000011000011110100101101
1110110010110100001000101100111100001111001011000101111000100100
0010011110101100100000010011010110100111101101001001010101110011
0010111001100111110110001001001101010111001000010100001101000010
1111101101111100010001011001101100100100101011111101010010110000
1010111001011110001000001010010000101111110100000100010100001100
1001010011000010111010011110011101001001011010011110101111101010
0110101000000111101100011010110011100100111011011001110001001100
1100000000000000001111111111111101000000000000000000000000000001
0001100011000010111010111011001101001110010010100100011111110110
1111001000001110000010000110111010001010110101110110011001101111
1111100000000100000001001011100001001111100010101000010000010101
0001011010101100101100011111111100000000110010010110111010011010
0100100010100111111110101000101100101111001100001011101111000110
0100101011010000000000110000101011000101001111100000010001101111
0011110011101000000111000100001110110011111000001011011111100001
0110110111000101101011100000110100100010001111101010101100010110
0110000000010010111001100111101010011001001101011110000001100000
1110010110011100011110001000100001000000100111000111000111111110
0100011110000001111001100100101110001000100111001010001000000111
1001110111111100101101010000110010011110101100011011000001101011
0011101000001011011010010110110110011000000111101111010001101111
0110101111110001101000110111100101010000001110000001000101100100
0101111111101110011010100100111000010001000001100011011110110010
1001101000010010111011000101011110111101001100100111110111101101
1111010111011001100000111010100010000001101110101000110110011000
0101000100101100010101000110100011000111001101110000011111100100
1101110010111001010011011011011010011100101011010101010100010111
1011110001001100000111000110001011011100010011001001110011000011
1001110010110101101001000111000011100111101110000010100001100101
1100101010100100100000110001011100111011001111001011101000001111
0111001111101101101001111010100111110000011100010101100110111010
1111100010111010010110111011101100101101101111001011011001001110
1110100010111111100111100110100011011101001000001000101110010100
1100100001100010001011100101100101111000010000111111001110001101
1000110001011011111001000110111110111011000110010100111111111111
1011010011010110010100111011101010100001111101110001000100100001
1011000101011110110001010110101110111111101101011001001110011110
0100101000110011100110000111101000100010110010101111110100011011
1001110001001011010111001111011101100110010001111111101100000011
0001101001010110000011011011011110000100001111001100011100110000
0001001100111011110011100001101000100000110111010100111000000110
1000001010011101000001110110110101010101000001010011000101111101
1110010110110000011011000111010001001111110010001000110001100100
0101111111000111000101001010001001100110110111101001000001101010
0111001000011111001011011010100110111010010001010110010000100001
1101001011101010010000011001011011000010100101011100000111011000
0101001100101010010111100110010000010101001110011001100001110101
1101001110110001000101111100100000010111001111011111001101100101
0010100000011110000000011001111111001011110011111111011011111110
1010100110110000010001000100010100001100000010010011011010100001
0000000101111000000101010010110100111000101000101011100010010011
0110001011111100011001110001100011111100111111100110000001110100
0000110001101010110111111010101001000100000011001011101100100110
0101101100010111011101001010101111000111010110010100010111110101
1000011001011110110000000001111111111000000001011101010011001000
0001110110001011011011010111000000010010011010101111111000110110
0010110010111001100000110100110100110101000000100110000001000101
1110011011110111100101010100000111011110000100010100001101000110
1100011000100000001011011101111001010100011100100101000110000100
0100100000010111010101110011011111101110101000111101000011010010
0011010110000011100000001011001111000000001100010000011000000111
0111100101101111111000000011000100010111111011001101111111101101
0011000001100110110110111101011100101011010110010011111000000001
1000011111011100011110001000101010010000001011010011001101100000
0111110111001110001010110000101100101000101100001101110111010100
0010010011110010001110111010101101100000011000101001001110010010
0100101100010010100001001110101111000100101000100111111001110101
0001010111001101000110011110110000111000111011000110110011000000
1000000101100010110111100010110101010000010000010010011110000101
0110100101101110100100111000011011101111011110011000000001001100
0111110011000111101101011011001010010111010111010100011000100110
0011110110100101100001011011110101100101010000001000011011101100
0001010000010001001001101100101110001100000001000101010011100101
1101110101111101101110101010110111010010000011010101100101000011
1000110011100110000011101101011010000111001110100110000110000101
1110000110001001001010000111110001101101000011110101101101100011
1100111010111101110100010101011100100110101110110101010110101000
0001001010110101010011011101010100001000000000110110110000101101
0111010000101010001011001101001110110110010001001100001000000111
1101110011000101101100000001011110101100000001010011011010100100
0000000010011110010111011101010000000000110111010111001111110101
0000111110101000001101011110010010111001100111001100000001101110
0001100100101011010011100001010110001000110001010101111010100011
1001111100011101110001100100000000110001011011000111010000011000
1001000001111001110100010111110100110110010110010011100000111010
0011011111000100010100101100000010100100101000111001011110001001
1010011101011011101100111110101011101010110011110101011010100101
0011100110101111101011010110110000110010100010110001011011110110
0001101101010010011101101111110101011111100101000101000010101111
1111101000010111101000111001111000001010001000000110111100100001
0000000010011011011000101011001111101100010111010100011010100000
0110110111110011110000010010110101111111000010001000010010111100
0101100110100010110101011101110101001001100100011100111101100000
1111000101001000011001010011011001000111010100011110001100101111
1011101010000110101110000111111101010011101110011101111101110011
1011110111100011010110100111100001011001110101010011100000100001
0010101100100111101011010010100000101000110100000110011111101100
1000000101110101101010101101110011101110110010000101000011101010
1000111000101111001000010110011100101111100000100011100101111111
0101011000110111001111110011011000000100011000011110100101001110
1111000110110000011011110111110001010010000001001011100110000110
0100110001011101111000100010001001001101011100111101110111000100
1110000001010110101000001110101100001010000001100100010001100000
1111100010110001101011100101000101011010101010000001101111011111
1100010001001110110010010011011001001010000101000011010110110111
1000001011001000111000100100100001010011100010001100101000101111
1110100110110110001010110101110111001001111010101011111001000011
1101111000011011111110110010101110000000111011101101111001111100
0010000101111000000010001001111111110110100101110101100011100010
0111011101010111000111100101100101011101010111100110001100101011
0110001110111001101101011111100001110011010110010111010101101000
1100110000110011101010100110010010010000001110000010001101110110
1000000011011110100001110010011010100000110101010000011101101101
0110100101101101101111111100110100110101010110110001111111100110
1011100011010111011011100001010011101110101000110011000101101101
1010001000110110001110011001111011010000011101000011001110000001
1000101000101010100111111001000110000100100000101010011010110000
0110110110001011111010011110010101011010000111010101101100010010
0011000011100101000001111001101001100010101110000101010000001001
1010101110011001010101001010100101110000100101111110100000000101
0101001101000101111001001100110001011100000000101010110111001001
1101001000101010110101000110011100100000001111110000101010101010
0100010111001110011000000001111011011100000001100101000100101000
1111010000110010011000000111000001001010011001111000111110011001
1011110110010000010111000011011111001110000000000101111000010010
0001011110001111010001101001101001001011001011010001100001001010
0010100010100110110011000101101100001100011001100110101001011101
0010000001111101101011101110100001000111000111011011011011111011
0101101101101001110011000111111010111011000101110001100010010001
1000111110010101010010100011101000001001100111111011000110000101
1101001010001111010010111110110001011111101000110110111101101111
0100010101110001110110101001001010110111110001001110110100100001
1100010100000011100101000001110010000011110010101101100110111000
1101101010100101000011001101001110010111111000001000001101110000
0110111000000000001001011010011001001100110100000001001101010110
0000000000000000001000000000000000000000000000000000000000000000
1101001100011011000011100111111010011000101001011011100000111011
1101100000111010111001001101000011100000100110011111101001100011
1010000000110100010101010001000001010010101101000100111100100010
0000110111010001011011001011001000010011101100101001010111001001
1011111110111110010010100110111001001101001010010101000011111100
1101010010010010011100100001000101110000100011001011110100011001
0000010001000011001101000000100100100101111001110011000111000110
1011000110111010001101000001001001011101000011000100011011000101
0100100110111011010111111110101111101100101011101011100111000110
1111010000001000101011100100100001110010000001001101001011110010
1111001111110101000110111011100100101000100101000011010001111011
0000000011011101000101001110111110111010011010010001110011101111
1110010111111010000000000110001001001011101011000100100010010010
1000100000110011101111001110101111101011001011111001010101001111
1100000001111011100111101101010001101001101011011111000110110000
0100000100010101111010100110001001110100001101101000100110101010
0100000111000110100000010101100010111111100001000100010110000001
1110101101011110010001101110011100011100101100110111101111100001
0001111111100001101110101001100100010011101111010111011011101100
1001110101011100011111100010101101101111111110100100000100001011
0101101001100010111000110000101000010000110100011010100011111110
1100000111110010101011111001010001101110000010010010110100001100
0101110101010100011001100000011010010010001100011011110101010111
1000001010110000111000100101110110110100100000000010001111110110
0100010010101111000111101110001001001111101011011011000101101101
0111101010010010001010011010011100010010011110100110110010111010
1011000000110010101001111110000110110101101010100100001000100011
0100011001101100011111010110110001010011100011101110111010010101
1100001010011010001000010100011110111110100100100100100010100011
1111011111110010001011101101000001100010100101000010010000001000
0011110100010001011100001100111111000010010100111111111000011100
1011101111001111011001000111110001011101101000010100101000101000
1100101111010110111110111011110100010100101100001100011001111100
0110111011100001110101110001110001010011011001011101011001110111
0111011110100010001011110000111011111000110101001101010110111011
0000000100110100110111101110000001010100100011101111001001110001
0000000011111010011110011111101111100011001001101100110111101111
0011010110010110010000010000101100100000001111111000101100010110
1101001010000000110111001110011010101101101101010100110000000101
1011011110110111100010111100000011111111110111010100001000011110
0000100000101110111100110101101111110010100011000000000011000100
0100100100100101100101000001001101110001111100001110000000111010
1111001111001110000100110111001100001000110111010101111110011111
1100101010100010010110010000010100100101011110010100000000011111
0110100111001110110010001110110101011001000110001001101010101100
0000010101101110000011110000000101010100101010110100100011100001
0100011011010001101011100000100101001101111110010101010110011001
0010001001001100010111111111011010101001001111101011001110010000
1100010000010010111011100001001100101100011011010011111110100011
1110111111011111110111001101010000010010001100111001111110010000
1101000101100000101000001001001110001001101001001100110110111101
0101110000001000010100010111011010100101110110101110011010000110
0110111100001111100100000011100011001111110111110100010000010101
0000111001100011011111100000011110001101111011101101001110100100
1101001010001111110000011100101101010011111000000111100010010001
1000110011110001110000100010110110000101111010001000011011010110
1110000110101011010101001110111000111111011010010100110111010110
1011110100001011111001110000001011001001001011011100001110010000
0001001110011100110100100110001110001111111011011001101110110000
0110011100011110010101001011010111000111110000000000011110000010
1110000111000101010010111001101011011100100001001101010101111001
0001111101010000011000001100000000010110111111001000100111011001
1101111000101000000100110100001100111000011010101000110010000001
1001001010010011101110101011111011110111111000001011100100000010
0010001111110000011011001011001111011001010011100010110100110100
0011110001011011101000110010111011000101110101111010101001101110
1111111101010000011001011000001101011110000110001101001101011010
1001100101011010001001010110001010010001001001001000001100110011
0111110101101111001111100000010001010101010110001101100000001100
1111001100101101110101010111010100101110100010111001010001011110
0001100011000001001110001100011000100010010111000010010111100110
1111000011100000010101110000011001111110111110110010101101110111
1011010010011001110101111010101110101000110000100101110010011111
1100000101111110101110111101111110100000111011011111110111001011
0111000101111000111101011011011001001110101010111110111100101101
1011011001011101011111011110101010011010110010101110100011100100
0110011010001100010000011111010101011001001101101101110001011010
1100100010000011011111011101100001010100011110001010111011001001
1010110001111010111001111010111000001101101110001111000100011111
0011111110000100011101111111110110100001010001111010101010101111
1111100010111111101101011010001101111010001001011011010101110011
0000001100110101101010110110111111011001101000000101101010111010
0010101001111011110100111100010000100010011010100101011001101010
0010110011110111010100000000110101101111011101101010010111110000
0011111110111000000001111101101110011100111011010000101100001011
0000111001101011011010110010001000111000100001101010101010100101
1001010010011110010000110000110111100110110011100111010001001101
0001010000011111001011010001001101111111110101110000100000011010
0001000000001110111101010111111000011110111010100000010011111101
0001111101001111001001100110100101010000111110101011100000101011
1011101001000101010101000011100111000011100001101001111011110100
1101111110101110110100001110010100110001010010101110001110101110
0000011010101100101100000110000001111000101000011101110101110100
1000001100010001000010111110010100011010110101000101000011111101
0111000101101000011010101011110000011010010001101001011010000001
1111000010111000100000100011110110101011000101010111001000100010
0011000011001111000001001101001010100000001101110100100111010101
1100101111010000000011010111001110011100010011111111110011111000
1011010011010101101111010101000110100111101000110000001010101001
1110110111110000110111110000010111100001011100001001111111011101
0110000010111110011111111100110101111011011111011101000000110101
1011111000110110110111101110110101001111110000010010001110011110
1110001111000110100010100101001110101111010110000010011110010110
1010011010000011100011101010011010111001011101001011000111000011
1100001111011100100010011111111001000110011010110111100101101111
1101001001001000001111010100100101011101011000110110000001001000
1001011000010110010101110010110110100000001000110110001001111101
1000001111010101100000101000010001100101101101010011000000110110
0111010000011011000010010000010010111001001111000010011000000001
1110110010100000110100001111111111011100000011011110010011011011
0010001100100010000110101001010010010110110001110111000000011011
0011101000010001111100010101000001000110111110110111001011110101
1111100101110110110100000011001011011101110011010111111110100001
0010110001001110111111010010100110010010111101011100011000010000
0011110111000101010011110000100100011110111110011100101111010101
0111100100001110111010101011010110111010011111011001010001000000
1101110111110110100010101000110101011100011100011111010010100001
1001110110011100111001000111000101000001001001001010110101100100
0001011111010111101101100011000001010000000000101100110101010100
0010000110011000001111011000000101100110000011010101001111011000
0001000000011110011000011110010101111011101001100000000010000100
0010001011010101000101001111011001101111110110010100011000010100
0010001101111010101010101110010000000100111011011000111101001111
1000001101001001011001001001010101110111010011000111101111111011
1100110010110110000001011111100100111011111010110110010000111011
1001101010111010001010010010110010100010110000110000010000111011
1010100110111111000111001001110100001001110010100101011000100010
0000100000000000000001111111111111111000000000000000000000000000
1010011001110101001010011100100010100010100010011001001100011111
1010110111011011101100010101101000111110111100100001000001100100
1101000100011001101010011111000001111111011010001101011100001111
1100010000010011001000000001100001101001110000000001110100010010
0001011011001010001001011110011000000000101011101001000100000101
1100000011101111001110001010011011111111100111101001110111111111
0001101010000100100101100111101111111100011101111000000111100111
1000101100100100011001000100011101001010001111100100111000000000
0001100011011011010100110010011010100011001100001010000011010111
0001110101010000110010000001001101110000111011101101101100111001
1101000100001010010100010001001011000011001101101000010111111101
1100110010101110111100111101010101101001010111100101100001101011
0100101110111011100100110000001110010010110100100100010110111011
0011011010011011101010100000011011001011100100001100100001111011
1001010001000000000000100010000000110010101101100011000111100010
1010110101001000100101111010010110100010011101001111010100011000
1000001000101000000100000011011011001111100010101101000100001110
0110101110001001100110001110011001110101011100101101110011110100
1101010001011001101100111001010011010110010010010001000011010100
0001011100100100101110111000100101111100011100111000110011101101
1011100110011010101111001111011001001011011100011100111101110011
0010011110100100110001110110011101101111100111001111111101000100
1110000000101100011111100000110101001011000010101011001101110101
1110001001000001001001011011011010110100100010000111101100110010
0000010100111111100110111010010000001100001100101100011101000100
1100010000111100110011110000011110111010001101001011011111101100
1010011010001101110101110110001010000011011100011111011100010010
1010110010011011011101000011111000110101100010001001010100100111
1000101100100001001101111111011000100111010100100111000111011110
1101001010110010101001000101100010001100111100001011001001100001
0110101011111111010011001100100010010100011000001111111110101110
0101101010011100111100001000011100111110010010010000110000101110
0010001110000100000001000001101110000110001111001011100101111101
0100011100011101010010101010000001011111000100100100010100001100
0001111100011011000010011111100011110010011100010101100101010001
1011010010100001100011001101101100011101011010111010011100101100
1001001000111001010101110100100000011010010010101011101001110100
0000000001101101110110000101001010110111110011010000110101010000
0111111011011011001000101010011010110100001100110111001011110100
1110000101100101101000101110011011011101000001101110001010100011
1011111100010011101110010111100100111111110011000000000110000011
0010111101011100110000011000000011110111011101110100100101001001
0101100110111000000001110001001111111101010110100101100010111101
0101100011110001100111111001111101110011000111001101010000000001
1111001101011010000010001000000010100100000010101011010111110010
0001011101010100000110001110101100010001011010100111101110110010
1001001010011100111111110000000000100111111110111111000000110100
1100110101110100110000100100110010010010010100011111101000000010
0111110001110010010001101001111111001111100101100101001111001001
0001101100010000111110111100001000001101010101111010011101011111
0100111111101100010010101000110111111010010001000001110010101110
0110010100000001001111011101010000010101000110001111100100101001
1001000011010111010110000000010110001111111010011000000101001010
1001100000000011110000101111110100000011111110011100110111010101
0000001100111011000001010110101100100100100001010001010010001000
0011010101111101010100100000010101110000111011101001110011111111
1110000100011011111001010001010100111010100111101000101100110001
1001100111100111101011000000101110111000100010101000111101010110
1010000001101100000110001001001110101111011000100111111000001010
0011000011010101100001110001110101011100110000100111011000101001
1000000010110110010010100000011110100100001110100100010111001100
0000001001111010010111011110111100101101100011110001010011100011
1001111101111011000100101110101100001001010010011001110101111100
1100000110010101001011001010011101001111010010000100101110100100
1010111101110110000100010111111111011011001001101000101111111110
0110001001111110000110100100000101001000101010100010101000001111
0000111000001011011100001110011100111110001001010001110101111100
0001000001111011111011011010000111011010111100000101011000101101
0010010011011111111001001101011101000101110101010000000101010001
0001011101000000010000010000000001010110010001010101110010101001
1101110111011011010101101100011110111010011001010111101010110011
0101110011010111011101011000000001001001111111001110111011100111
0111101000111001001000000001101100110100010001010111111111010001
1001111011001010010101110011001011111001010000110110011011011000
0001010110010111000100010001100010010110001111010100101111000010
0100011101001011000001100010110101000111001101111110010111101111
0110000100110110111001101100101011000101110100000100011100100110
1111110101001001001101001001001101110101101001111110010001110100
0110000101010001111111010101100110001001100000101000110110111011
0101100010001100010001100101000100001010010100100111001001111001
1101100011110101100010111111000110110001001000000101000010100100
0000001001010111111000010100010000001011100011000001111101111001
0001010100101010011111011000101110010011101010011000001001100001
1000100010111101001011111110000010000111110110100100001001100001
1001010010100111101010010011000110100101010001000100101110011010
0100100100001100101010001110100111110011010110010001100011101101
0001001011111110010010100111011100101000111011111111111000111000
0001001001010011001010110011101010010100101100001101110100001001
0000001010100010100001010001101000001010010110101111010110000001
1011111101111000110111011101100001001010101001000101000111111001
0010101101011100110001011111000000011011110100110000100001001010
0010010100010000100000001000110000011000000110010011010010101101
1010010100100000010010100011111111110010000100000101011110001010
0011011111111100110010011010111001000011101110111010110011000110
1001110010101001011000010100000000101011111000101000001010110101
0011100101000110000010110101010011001010001101011011010110010101
0101111111011101101010010100001000100110110110010001111000110100
0011010110001110111010100111000011100011101101101110010100110110
0001110100110100000110010011110100111010100101000010100110001100
0101101100110100111100000001110110000000100110100111010000011111
1110110000110000001111101101000111111110111010111111110011111111
1011000000110000100010111010101100011100001101001100010101101010
0110010101101100000011100110101011001001010000001110010100011110
0111100110111011010100100000011010001010101100110101010001110011
0111000111010010011101000001101000101111000110110001101111001010
0001101111110110011001101010101101001000000001100100110000100111
0101001111110000001111011101010000010010001111010100101100010001
0100110110100011111110100000111000111000110011000001000110101011
1010100011001000001100001000111110101100000011011011111000101011
0010100010011110111010110100001110000010110000110100011100001011
1010101101110100011011000101011001011111000011001010110110001101
0010011110010101110011100001001011010101011010101011110001111010
0001001001010010101010111000000001000011011001100110101000010111
0011101111100010001001000000011110100101011100110000000110110011
1001011000101000110110111000000000110011111111000001101111000110
0011111000000001001010010100110010110011111100011101100000101101
0001011101001001001110011011111111110100011110001110111010001110
1000101111011100100010010110010100010111001011001011001110101001
1010011011010111000000011000110000100110011101001001100101011111
0110110010111100011010001110001101001010001000101111001100001101
0001110010100001111101110110001011000110011100000001110100110000
1001111101110111111000010011001101010110101110001010110011011010
0101011101101011011010111111010000010110100000100101100110111010
1101100011110110011101101111011111000100101011011010000001011010
1100110110111010100100000111100010001101011111000101011011100111
1011001000001000011100101111101101011110011001010111000110110000
0000011100011111100010011001100111111011010010110010100010100110
0000001111111111111111111111111111111100000000000000000000000000
0001100011010111001100110001010010011110001100000001001010001000
1001101111100110011111000001001010100011011001011100100011100110
0001010010000110010010100101011001110101010111011110000110100011
1000000001001111011000100111010111010010011010011011101111010000
1111001101101101010010011010010000110110101100100001111001100100
1110010111100101010011100001000010110001101111011011011101011101
0100110010111001111001001011110010011001011111101101101010111011
1100111101011010111010111010000010111001011111011001111000101000
0100001100110110001111011001010110010100000000100111100100110011
1011000000100111010011100011111111101010001101101101001100111111
0010101000000110100001010001001001011100100010001011110001101111
1100011000111011110101110100110001011101011000100000100010011000
1100100100011110100010010111010010111111111100111001100111001100
0110101001000111010111010110010110001000011000100111000110010100
0011001000010000100011010011010110001100001001010101101010111011
1000111010000001100011101000011001000010101100111010100101010111
0101100011011011001101111111000000101111110101001101111111010111
0011100001011001000000111001011000110111001000101111111011111110
1110011000110000101000100111011011001000101011001101100110001101
1101011111100110110011011111111001110000001110100111111001010110
1001000110000001000000100001100110100011100111101011001010011010
0111101110010100000011011100000010101010000011010101101000000001
1100010001101011101100100100010101110011001111110010001000010000
0010000011001010011101101000111111100011101101000011100100011010
1001101000001001111010011111010100011100001000111010110101110101
1001001011001100001000100100111010111010110010110000111001011111
1001110101000000100101101011010010101011000000111011001101000101
0110110110000000001010100111000101110000010100100110110011000001
1000110100111101010101111101000110111011110101101110111111011011
1100101001011011000011000101000110111010001001011101010010110000
1010110111011101011110000100100111010001111001100000000000010100
0001010111010100100010111011010000010011011100000101110011010010
1111100001000111001000101001010100100000100010000100001111110000
1111010110110010011010100110101111000101000111000110011110111000
1110000010011001001111110001100110111010000111100001000111110010
0111101000101010001010101001000101100100001000111111010101001000
0010100011111101010111000110010010110000110000001000001101111100
1011100110000100001001000000011100110111110111101001010101000110
1100010100011101011101011011010111100100011000110000111111111010
1001100110111011110111111111101100001110100001111100100100001110
0101111010000011111111100101000100100001100101001000000010101001
1100111010001001101011100011110101001101011111011000100010011110
0110111001100010010000010001101100111101100100011000000001101011
0111001100100100100001001010111010110100110111110100000111111101
1110110001110011001010110010001000100110111000100100011110100100
0010101011111100010010101001010100111110000111111101010010111101
0110000001110100010010011011111011001010001111101100110101100111
0110001001110000110101010010011101110100000000010010011010001111
0000010110110110110001011000110110100010001111011000000111110000
0110111110001100100000100100011000000100011001010101111110111110
1010110111001010000100010011001111101011111011010111010010100000
0110011011111111100101001011101011110101110100010001111111000100
1101101010001001101110011111101100001101111110001101100000100011
0100101000110101011100011011110110010000001111110000110001110110
0000011101001011100010100111110000000111110001100111101100110010
0100100100100000011100001011110011000111101110100011110110100101
1001010001011000100001111110110010010101011000100001101111011110
0011010101010010010110010010010110000011000111111000111100111001
0100110111000010011100011111110101100101101100111000101110001111
1100101110000110111110001111011100110101011010010011101000100101
0100010000100010011110111001000001010110100011001000100000110111
1001110101010011001000101101111011110011111001111111100100110111
0101001111111000100001110000110011111101100101110111110100101110
1000111001111000000111101111101110001000101010000000111010110010
1101001100111100111110110010100011110010011010011000000001011001
0110100110110011100110001011101010001011100110100001111110111010
0010011100011011101010111100001011110011010011110111010001010011
1101010100010010101100100010001110111011010100111001101010110001
0000001011000010000010101010101100011000001111110110010110100111
0010110100111010011001011101000101000101010100010011101111001001
1010101111010101100001000100101011011000111001110011100010011101
0111000001001111101011111101111011110101000111110001001000000101
1000011010001001010101010001011111000101000010100111010001010101
1001011100110101010101000001110100101000100000111111001110110011
1001110010011100011010011101010011100001010010010010011111111100
0000110011011001110100110101100101010000010000101001010111011011
0110001111001001111010110010011001110111110000010100100000001000
1000010110010100001010101000111010010000010001001101110001100001
0111101100011001101000011011011010100011000010100010100010111010
1000010001010101100101000010100001110001000000000100001111100111
1010110101100010110011110100010000001001010010110111000110100100
1100000011000101001110110011001101001010100100100000010001100110
1100010101000101110001000100110010000101100001110111011001100100
1011111010111111101011011110111000010101111111100100110001110011
1010001001011100110100111001110011111111000001001000010001101100
0100001010111000111001110001000010010010100110111011011100100010
1001011011101011010111001101100100110111100111100011000010010011
1100011010100101101011111111101000011010010111011000110110000010
0001111101001111011000111101110100100001010100000011101000100001
0011101111010010100010100001111100011011001100101101000111110111
0111111001100101101110000111000001010101011110001011000001000111
0011011010010010011001100010100100100101111000110011110111100001
1101000110111010100011110001001101101001111100111111000000010111
1010101110011100010000110101100111011110100000110100110001000100
1110000000100111101000110100011111110010101010000110111010001011
1011111010001011111101010110000111101111101110000010110010000111
1100100111010100111101000000011000011111011001011010010111100000
0000000101001101011100111000100111111110010100010111001011111100
0001011111111111010101001111010001001000010101011011010001110001
0010111111011100010111000010110111100100000111110010011000010100
1000101000000000010011110110111100110000000001100100010001111001
0000000001010001011010011111100000100100001000100011111001000001
1101011000111101001101011110101000101110101101010110110110011101
0000100000001101001101110010111010001110001010110001010000000001
0000000001101101101010001100110101101110110000000001111010110111
0111001110110010001010111010101111111000010101101011101000001011
0011011100110101010101000000010000110101000110100011100100111001
0101011001010111010011001011011001001111101011110110001011001111
1110010111100000101101110010011010011110110111110101101001010110
1101011010111011010110111000000011100101110111111110011011101011
0011000101010101111100101101100010111100101011010110100011000011
1010110010001000101010001101111011000001110101011110111111011111
1000100111111010011110111011100100100101111110011000010100011000
1001100001100111001100100101111000100000010110101100100000011000
1110001101011011110000111101111001010110000111101101010001101001
1000111111011110101101110100111100100010101010010011100110001111
0000111111100101110010111000111000101110101011100011100010110011
0011001000111010101010000010010001100011011100011100010000101000
0101000001110000100010100000000000001001001110011111001100000101
1011001000101011001011001100000011111000010011111100111100001100
1000110001001101001011110111010000110011110000110100111010001000
1100101101100001010011011111101001011101011000010010110110101011
0000011101000110011000001001110110101010101000110111101011110011
1011110000010010000011101110100011010011011011010100000010101110
0010110101000110100001110111110100111111010000001011111011101100
1010010110101100111101000101011110111010110110100101100001010001
0010111001010111111000010011100100011100011011000100100110001111
0000000011111111111111101111111111111111000000000000000000000000
1101011110011100111101000101000001011010110001101101011011100001
1011100000110111110001111101110110001001110101001010001001100111
0101000000011111111011111110110011001010110000011101010111110000
0110011110100101010011010011011110011011111111001101101001000110
0001011011011101011000000001010110111011010000110011110100010001
1011101011010100101111111111001100011000111010110000011111101111
1000001100001100010111111000111001101101001100000111110100100001
0101011001001000111010010100011101110011011101110000010101010100
0111111001111111101101000110010110010101100110110010100001111111
1111010001101001100011100001110011100110111111011000111000111001
0001101011100001111110000110011010110101110111011000110101111000
1010100110001000000011010010101100100001100001010011100100111111
1011101100010111110100100101100110001101100111111000010000101111
1000111001010000001110010111000110001010101111110001111110111011
1100011010000000010001100101010111111111101110111110011100100010
1011000110010111101101000100110111101101000010110011011000001001
0101110000101000100110011111000011111101111110010001010111001010
1000111010111011010011101010110111001100111000110010001111100001
0101100010001101000110101100100011001001100011010100101010101100
0000100100001110110011111000111001101000100011101100110110001101
1001000110001101001010010110110110101000011000010001111101011111
0011100011010101011011011111001101100111000100110000110100011000
1110011000110000010010010110000001110000001111100011101010011010
0011010000011101000101101001000011011011010010010000110100100111
0100110001011101000000011000011000001100100010110111110111010010
0011000011011110011101110100011001100110000111101111000000110010
1111100111001110100100000110110101000101000100111001101011000001
1000000100101100101001101011000010010001011110000010001110111100
0111010100111010100001001110100111011001000000010010100110110010
0110101011010111001100011001110110101011011101001101010000001100
0000100110001110110100101000110000010110011001101110000000010100
1011111110010110101001111100100001100001111011110000110011100100
0001011110110011000100001100011101111111011111001000101011001000
1111000111110101100010111110000101010110101010111110101100111011
1000110001101001001111100100110110011110110000001101110111001111
1010011010000000111000111010110011001110011001001000010110111111
1000001000110111100000110100100011010101000101101110101001110000
0101110010110100010101101111100101000100111101011010100011111001
1101001010110011010101101000010110011011101010110001100110011111
1001000010110001001110111010000001001011101000110000100000110011
1111011101011111100001111111100010001000110100001100000000100101
1000000101011001001111101110111001100111110011111101101100100110
0100101111111010000111111010101011111111000111010111010100011110
1100111001110100000011100110001011001100000011000000011001111111
1001011111001110010101001000000010111110111011111100110100010100
1101001010010011101000100010110001111100111000101001101011101001
0001110111100110100001001111111101100000000111111110100010101101
1101011110001001110100100100100101100111101101100101010000001000
0001001101001101000110011111001010110111001010111111011001111111
0001010001100100001000011010101011100000100001111011101011110011
0000110011100111011111110100100001110110101011100011011010111010
0100011011011111101000101010001011011000010001010111000010111101
0001101100101001111100011111110100010100111111110011101111101000
1011001000011010010000000111111010000111101000000100110010000001
0000001100111110011001001001000010011111010100101001101100001000
0111110111100000100011100001110101010101101111110100101100110011
0100111000001000110001110101001110000011010111010011110010001001
0100011101101100001101110001000100001010011111100111010110110010
1101001011010011101101011110101101111100111011010111011000000111
1111111110101000110010111001011101001111000111000100111001001110
0001000111111010011101001000011100110110101111101111101101100010
0010111001011010010001011011000110110100010000100001100111111111
1001011000001100111000010010100010011101101000101000101011101000
1010111100001001011010011110100001011010011010101111110111100101
1001001110101111101110110110010000111101110011111110111010101101
0000100010001010000010010001010100111100101101111100101010011011
0001000111001100011001111100010010010001111000110001011001111010
1000100001111001110110110101110110000010010010111100001010010011
1001110011000101000010001011101000000011011001010001001010101010
1011001110110101001010101100011111110111110111111111001001010000
0001101000101111010101110100110010010101001001101110110011111000
1000110010001100111010010011111100010001010011111110101100100110
1101001111111101100001101000011111011011111111001000101000110001
1011011111000001010111110010011110110101000110011000110011111111
1000101110011011010100101100011100011101110111001110101010000110
0101110110000011100010001110011010011111001110100100111000110000
1110010110111110000110001011100100100011001001101001101100100000
0010001100100000111011101011010011011001011011010111000110100010
1001000101100010100100010010111111000000010101001100001010100110
1101011100011001010000010100100101110111001101011101001110100101
1011101110010010101101100010001101001110100000011010111010111110
1000000000010111101000010111000100000011110101110111111001000100
0111111111111101100100100111010010110000010011101000101011100110
1110111001001000001100001111101001011010000000111101110111101110
0111111010011001011101001010100000001010110110011011100011000011
1011100000111010110111100110101001101010111000101011100001110100
1100100100010101111001010001110100110110101100010001100010000011
1000000100001000011100101001010110011010100110001010101100100000
1010111101010011011000010100101010101111010111001011111001100001
1010010111111010001010010101001111100100010001001101111010111101
1111100111000111010000110111100101100111010000011111011100011011
0011011010100111001000110000001011101111111011100111100001011011
0001010000111001001111100100000111110110101101111110110100011010
0000111011001110100010000111011101100110110010100011000010001001
0111110001111110101001010111101111010011110101111110011011101111
0111100000011101001110010100011000111110100101010101111110010001
1101100011101110110001001101101001001010110101111010111100101010
1011100111110100110111000111011000100010101100011101110011011000
0000100001011001001001110101001001111100110110000101010100000111
1110110010000111100100000001001001100001111111000100010010000111
1000011101111010000111111101110011111000001001011010001010011101
1010101000100010101000111000010111101110100010101000011001110100
1001111001110001000110010010011101111110001100101001101000101011
1101010011001111001100010101010110010101101111110001111101110011
1011000111111100100001011110001010110001011111001010101111100011
1001011001011010010010010000000000110011001010101001001110000001
1011000100011100101000100100011011111000010001010111001100111011
0000000101110111001001110001100110000000101111100010111100110010
1011110111010111010101011000000011111001111011011111010101100110
0100011001001001110100000101100000100010100101111000101010010100
0010001100111100011010111110000101110010011101010001111010110000
0001000101010001100110101010110101000110001111011010000001100000
0010001010110010111010000110110010101010100011111111010101001001
1010010010110111010101001010110110111011011111110000001111010110
1001111011101000110001100111111011100100100011111110011010111100
0110000000101111001101100111110111011010110101100110000111000010
0100010100001001101111101000111011011000110001111111111010001000
0010011110100001110000101110010101101110110100110100101110011111
0111001101011101011001001100111000011111110011100110011001010111
1110101101111110000010010100001101110010111000111000100100100101
0100001010010010010110001100110111000001000100111010001110011110
0001000111000001101010101101011100000011110110011000000100111010
1011100010110101110000101100111110010010100000010111001001000011
1000001011101010001110001001010100110001001000001110110001001100
1101110011101011111100011010111010101101111100001101010010011010
1011110010010101011010111100101111110001101000000111110111110011
0101011001000111111111110110100100001110110011001011111110110011
1111111111111111111111110111111100000000000000000000000000000001
1110100010110011100100111100010100011001100111010110100100100000
1000100010011111000101000110110000110000011111011001100000010111
1000010101111111001011101010101100110110101101010010111011000100
0010001111001000101110100100110100010011101100010011010110101001
1110110100000001000001101101010101010110110010110101101010111101
0110000010101101101101100011011101010110001111011100110100001100
0001011111101110111100110010111111000011011010000110001100111001
0001000100111001000101110010111110100010100010111100111011100101
0001011011011001000100101000000000111000010011010100010100011001
1100010000101111110111010100011000010110001101111110110010110101
1110100000110000001010111001000000101111010111011010111100101111
1011101111111100100010111010101110000101000101100101101110001101
0100010001101000000101111111111000101110110100010100111011011110
0011100111011111001100010000110000010100010100110100000110101011
1011110011111110000100011000001111101110010110010100100000111010
1010011011111011101010000101010111001110001011110010010111011010
0000001011111000111001011111101010011001000000011110111011101010
1000000001010010100001101110001111011111100011010011001000010001
1010111110000000011110010001010011101011101100010000101000100101
0010100110001010100011100000011100100110010000000001011011111100
1111011010010110011101000111001011011111101111001011100101011101
0010110011111000001101010100000101111110010001111101101101001100
0101101010001010101011100110011110001001101101110011100100001011
1101010111110101001111000111010110110001001011011111111101110001
1011001011101101010000111000001111000010110000010100100100111011
1110011000010101101101110101100001111011101101100001011001001110
1000100100111111001101010101111111101101001010010101011011111000
0101001011100110010011100000100111111010101100011100010001000110
1000100011110101100101110111101001010101000001011011011011011110
0001110000100000001101110100010010011110011101011010111101110000
0110111100001011101110100011110001010000111101101011000000001000
1001110100010000110000100110110101101110100010010111101011011000
1110110011010000101001000001000000011011101011010011110011100111
1101101001000100011110001010001010110010101100100110100010100111
1110101000100001011101110100001011011000000111001010110010101010
1100001111111011001011001000001110111010101011011100010000110111
1011101111111100000101100001011101010100011100110110010011001001
0101011100101001101001101111101101111011011111110000000111010100
0001000010110101111111001000110001010001010010010010101011010000
0111010100100001001000011101000010000100000000001000101011111000
0000111111011111010001000011001010000000001101011100111111111101
1110011011011011011010011010111011001010001110000011110010000000
0111100000110000110001111011000110110111110111001000101010000010
0111100011010101011101101001101101101111011010100001101100000000
1010111001011000110001001101101110011010100110111001110110010110
1000001111101010010001111100001101110110101011010101001011011101
0110001011100100101110010100011101110110110010000001101010101010
0011111101110110110011100111111111100101010110110000010100110010
1000100011101111101101000100011100100111010011100100101100000010
0011110001000000100000001000110001101111101101110011000110000010
1111000010111010011111010111110010111101110110010110110011001010
0001011010001111110111101011101000001101011010001001010001100110
0101001001000011110000011011111011001000110000001000001011110000
1000111111000110011100100000011101010001110010000100010010110010
0100000010110101110000001111100010001110101100000111111000011110
0101010111001100001110001111011011110001111010000101110111100101
0101010001111001010100101010101111101111000000100101101011001001
0011110100001011110100000110001110110100110110110100100011110010
1011111110110001100011001011010110110001110000000100100110010010
0000011001100011100001101010110100100000111000001111111111100010
1110000001111000111010101101000010110000100011011110110010101011
0110001110000010101111100111110010011011101001000000110111011001
0000000010000111010111111011001011101111000111100101010111001110
0000010110110101101100010001010011111100001000000111110100011100
1100111101110000001111100100110001100000100110101100011101001100
1011011100001110100100010111001010001100111010001010000101010111
0110010000000010101111100110100110001010100001111001110010110011
1100100110011010100101110110100110101001101110110110110111110100
0010111000001010010000110000011110111110101010101001110010100000
0111010000110011010010001010100110110011010001011101000110101111
1001011110011100111110110001110001001111011101101000111101101001
1101100000111100011111101010001100001010000001000001001101010011
0111100100101101100110001010000011010101010111001111011010001110
0010100011111010000001010001000001010101011111000100100000001001
1011001000111010000111000010100001110010110001010101000001000100
1000110100100110100010100000011111000101100101001101010001011101
0110011001100101110011101111011111000010100110110010010010001111
0010000011011101111100100000100001111010101011100001110101000101
0111100101001110000101000110000011001011110010010001110000111100
1011101100000001111011100001111101001101011110101110000101010110
1100100000011101000000010010100010100110000101110110100100101011
1110011111110011001010010101000101011000100110010111111010010110
1010011101010110000100001011000001000111011101100101011010100111
1011111101001100001000101011111100001010010000100010010101101001
0010101100000001000111111110000001100101100011000100101111010100
1001001111000110010100100101001011100011000111011110010101010110
0011000110101101100001101111001110010100011001001100011000101111
0110011110101111100000110100101101001010000000001010001111100000
1111001110111111110001000010100100010011100001000101011111101101
1010101110000010110000110110010110101110101111000001010100100000
1100110100010110111010101010111001001000111100011110010110000101
1011010010000001010001001011101110110011001110101101010001110010
1100111111100101010011010011110110101110000111010111100010001011
1111000111110011101110111100111101110111100101001010111010111101
0000001000111010010111100101010100001011100101101110010110100110
1000010000111101000111011111011010000001010100111010101000111000
0101001100111100110000111110110001100001011111110010001011011001
1101110011010000101111111100100101010001100011101100000000001101
1010000100101100101010010000101000010101011000010111001111110110
0111000001001000001111001000001101110100011110100011110110000001
1101001001111101000001011111111111110110000100100000100011000000
0111010100000111001001001000001111010010110000001111101101110010
0101010001110000111001011101011001011001010000101001111101100010
0000100101100101111100011100010101011001000110100010110100111001
1011100011110000100011011101011101001010111001100101001000011011
0001110010110110110111110000101010111010100010100111001001111111
1111000110100111101001101010001001010101011111110111001001110111
1101010111110000101010011111010100010110011010010010101101000000
0000001000101111100100111101101111101001000110110000111101101000
0110100001001101011111001011101110010100100011111100100001101101
0110101101110011011101111001010101000001101001001110001001000000
1101001100010111101110000011100111101010111001000001001000110101
1000000000011010001001001011111010110000100010001100101000000010
0011111101001110110001000000101100011001101101000010100011101000
0101001100001000111010101100001110000111100001000001100011010001
1111111000011011110001000101010000101001000101100000100110110000
1000000010001000001001011101010101000110100011100011100000101110
1000110110001001100011000110110110101010111110110110110101001011
0100111110100000101000010010011011101110101111111111010011001011
0101111101111001100111110000100110011010011001111100101010110001
0000111110111111100001100111100001011010000100010110011111111110
0100111101110100101010111010101111010110010000001001101011101000
0011101101110010000101010101010000110011111011000100100111000011
1110100111110010110110100110110010111110001000101100111000010001
1110100011001101001001111110011100101111000100000101001001110000
1110100110010101000101110101101001100001011101001111001111110000
1000010101011001000000111000110100000011110110001101011010101000
1111111111011111111111111101111100000000001000000000000000000001
0111100101100110001010110101100001100001011101011101100110110100
1000110101001000100100010011101000000111000001000011011110111111
0011100010111011100110010101100000000010000000100101110010100100
0100010011101111101100110111111101010110010110001111111110001100
0001001110100100110101110110100001010011111111010100010110111100
1111100011111100010000110001110001101000000000011000010110001001
1001101110010101111011011010010101110100000011100010000111111001
1111110111010011011011100110110111100010110101110000011011001001
0101101110011100100100101011001100001001011100110011110101111101
1110001110001010101111001101111011001110001111000100010010010100
1111000010111011110101101011101011000000111100110010010111101001
1010100011001101010001000010111111111110010110101000011010011111
1110101011010001000100011011001100000101101101001011011011101010
1110101100100101100100010101011011111000110100011011110011011111
1000010110101110111111111111011011110111001101010010011100111001
0101110101001010110111011010000100001001011101100010110000101100
0011010111110111010111111011111011101100110000011101010010111100
1100111001010001110110011001101110010110001010100011010010001101
0100110010101110100110010011000101011100101001101101101110111101
1011001110100011011011010001000100100110000011100011000111001101
1100100100011001100101010000101101011010110100100011100011000011
0000111101100001011011001110001001010010010000011000110000000011
1101000001111111010011100000011011110110110100111101010100110011
1100010001110110111110110110100001011101001011011101111000010100
0000111111101011000000011001000101011111110011110011010011100011
1010110011101111000011001100001100110001000101110010110100100001
0100010101100101110010001010001000101101111100100011100000100100
1001100101001101100100100010111001101011001010011101110110101100
0111010111010011011110110001111110101111011000101011011000111001
1000000010110101001101010110111000011001110011000011110100110111
1011011001010100000000101100110000100101101011100111110000000010
1011011010010101100011000011110100101011000001101101101111010000
1111001101110001111011111110111010011101111001110000110100011011
0010111011100011100010101101010101001110100000111011011011101100
0100001110000011100100111101011111011000001101100011101010011011
1010110100101101011110011100101111100011100010100101000101100100
1100110110110111000110101010001000001111100101101101010100010111
0011111111111110010010001001111001110101001000001100101111001011
1100111000000100100100110111010010010101001011110011001000110101
1000100001111010011010010111001111011000100010111110010001110110
0000100100000011101100010001101000001111000000001100111111111010
0010001101000010100011001111100111011000001000100010001011011011
1111001010011001000111111110001010111100000010101001011010011110
0000001010011100001110011000000101111110001100111000110010110000
1100010000110010100101111101110100110101011011111101010100101001
1100011110100010101011111001101110001011101110100101011000010010
1100110110110101100011000000001100101111011000000001000001000000
0000010011001010001011001111011011000101101101101011100000011000
0010001000001110001101101110010101011100110000011010011010110001
0111101110010011101111000001000001111011110010101010000101100011
1011011011000000010011101101010100010000000101101110111110001110
1010001001101011111110110000100000001011101010111001110000011100
0010010110111100101000101001111111000001110000000101100111111011
0101000110011111111100001111001110110111111100000001100011001001
0001111111110011000100111110101000110011011011011110101110101110
1111101100101010000010101011011011101110001111000100010110001101
1100000001111011100100000110101011100111000101011000010111010100
0101010110011000011000010100111101111001000111011101010111000011
0010010101111110010011111001110110001001010000100111011000001000
1010001100111100101010011110001011100110100011001111011000101000
0010110111111101001001101101011110110001011011110001011011101001
1000101111110110000101101000011110110111010010011100001110101101
1110110110000010000100111011001101100011110110101101100110001011
1000110011111001101010110100110011010010110000101101111011010010
1111010101000010001001111011100100001000100100110110010111010001
0011101001110110000001111001011010111110110111010101011101011000
1110111111000111110100100011101101110011000001110110101110001011
1011001110111110000100000100100011000100100101000011111010101000
0100001101101100100000000110110001011110111010001010101111111011
1010001110100010111111101111101101011010101001101110101010001110
1100100010001000100100101010010000010101000101100110101000010110
1001101010001100101000100010100101100010110110000000110001000101
0100001000010111000110110111111101001111001011101110101000000001
0101110110000100110101101010001011010100000110101111001001100101
0000011110101001101000111011101110010101101001110000101011010001
1011101011100010110100111110011010001110111000110010000001101001
1001011001111011001001000110010000111100111010001011111011100100
1100110000001010110110110010110011100010001010010110000001101111
1110101001111010101110000000100110101101110110011111010111001010
1110001010011101110011101110010111010111110101101011011000110111
1000110010011100001010011100111110101001001110110111111010111110
1110001111110110101000000111101000001011110100011100111110000011
1000001110101011010101100000100101001101101100010101100111110111
1000000111011101000010110011111111111001111000001001011011110111
0110010110101101011000010101101011010001011010101110111011010010
1011001011011011110011010101101110100100001100101001101110011101
1101111110110100000001101101010101000011010111000100000000001000
0010001110110110101100110101001011110001101011010011110010001100
0000001111110101011101011110101110010011110101101001010000101010
1110000100000010000111001000011110111010110101010110111010111001
0010011101010010100011001110100000010111100100001011001111011111
1011001101101011101111011111110100011011100111111001101100101110
0010010101101011011111101101011011011000001101111011111010100010
0001011100100000000011001101100100101110111100010001000101001101
1101000110001101010110100111101000101011010100000111010111110110
0101001100011010111001111101001001011000110101110010100100101010
1100111010000000100010010101101000100111011001001001101110001000
1101011100101001110001000101010101100100011100010010010001101100
0010111110001011001011111001101011011011000101011010111101011010
0111101010010011001011000011111100001101111111011001011000110000
1111100001001111001111110000001110111100000001000101000000001101
1010010100111111001111011101000010101011100011110010110011101011
0111011001101010010011111100010111011100110110101111110001101100
1100101000011001000100101011011100011001110101010011001010101111
0010011000111000101101100010111101101111010000111001001110010001
1001101110010000001001100110010010110110110111111110011011010000
0100001010110000001111110000100001101011101101110000101011010100
1010101011001001011100000001011100011011000111001100111110111010
1010100101011100110111110011110100010101010011111100100100001000
0010101101011101100001000101001011000101111101001111001011100100
0011000101010010001011100100111001110010100000111100110101001010
1110011101100001101010001100011011001100101010100101010100001111
0101101110110110101101010101000110100010111100100110011001011000
1100101100010000011101110110111100010101011010100011001111111010
0001010110100111010111001001000111100111001100000000111110010001
1011001100000111111110110101101000011001001100000011100010100000
0011011110100010110110110001100011001000001011100001110001000110
1010000111010000100011011101100111000111101000110100110100110010
0111100101100100101000111111100101010011011001100010110110011011
0011001001001101000011100101110000111110110101110111010000110100
1011111110001101011110000010000110110100111001100011111110001100
0110010110000010001000000111101011001010101001010001110101001101
1110011010100010010100100100111101000111101001011111011010011010
0110010010011100001001100010001110111000111011010100100101111111
1001100011001001000101011011110110000001110010100000111010100101
1011110100110111110111100011001101010010100001100110101000111010
1001011111100011100000011101100100000000000100101101001101011110
