00100101001011000111101101000100100110111111000000000000000000000000000000000000000000000000000000000000000000000000000000000000
01010111101110001110100110010111000000001100100000000000000000000000000000000000000000000000000000000000000000000000000000000000
10010011010110110011111011010110001110010000111100000000000000000000000000000000000000000000000000000000000000000000000000000000
01110111000011101011001001011110010111110101000000000000000000000000000000000000000000000000000000000000000000000000000000000000
10100101100100001111101001001110011101000110111000000000000000000000000000000000000000000000000000000000000000000000000000000000
11110001111111010011101001011111001110111001000000000000000000000000000000000000000000000000000000000000000000000000000000000000
00110000000011011100110001010111001100111011110100000000000000000000000000000000000000000000000000000000000000000000000000000000
01010101011100101011011101000100100110100001110100000000000000000000000000000000000000000000000000000000000000000000000000000000
10100001011010111100011100010101001011010010100000000000000000000000000000000000000000000000000000000000000000000000000000000000
11010011011000001110011101000110001001101001011000000000000000000000000000000000000000000000000000000000000000000000000000000000
11010110110011110010001000010001011010011111110000000000000000000000000000000000000000000000000000000000000000000000000000000000
11100110011111100110101101010010011111010010000100000000000000000000000000000000000000000000000000000000000000000000000000000000
01100000000111110111110001011100011000010011101100000000000000000000000000000000000000000000000000000000000000000000000000000000
10010100110010101010010100001101111010001110001100000000000000000000000000000000000000000000000000000000000000000000000000000000
11100100010100100000101101011100111001100100111100000000000000000000000000000000000000000000000000000000000000000000000000000000
11110111000101111100100001000001101111100010110000000000000000000000000000000000000000000000000000000000000000000000000000000000
11110000001110110111011111011000010011001101001000000000000000000000000000000000000000000000000000000000000000000000000000000000
01100100000010101101111001001011011010101110110000000000000000000000000000000000000000000000000000000000000000000000000000000000
11100011011110010000110110001010000100010000000000000000000000000000000000000000000000000000000000000000000000000000000000000000
11000111110010111010000101001011011111011110110100000000000000000000000000000000000000000000000000000000000000000000000000000000
11010010010001011100110010010111100001011001100100000000000000000000000000000000000000000000000000000000000000000000000000000000
01010101010000000110110000000011000100100101010100000000000000000000000000000000000000000000000000000000000000000000000000000000
10010010011000110111011011001000010101000101101100000000000000000000000000000000000000000000000000000000000000000000000000000000
01100111010110111111110100001101111011010001100000000000000000000000000000000000000000000000000000000000000000000000000000000000
11110100011101101100101010001000010101001111000100000000000000000000000000000000000000000000000000000000000000000000000000000000
00100000011010110111010100001011110001111111101100000000000000000000000000000000000000000000000000000000000000000000000000000000
11010101100011100110001100001100000111100100000000000000000000000000000000000000000000000000000000000000000000000000000000000000
10100010111101111100101111011100111001110001001100000000000000000000000000000000000000000000000000000000000000000000000000000000
10100011010110001101111111000101010111000000001100000000000000000000000000000000000000000000000000000000000000000000000000000000
11100001010100010010010111000111010000010100010100000000000000000000000000000000000000000000000000000000000000000000000000000000
11000101101101101001001010010010011110110100011000000000000000000000000000000000000000000000000000000000000000000000000000000000
11110001001100000110000100011001100001100111100000000000000000000000000000000000000000000000000000000000000000000000000000000000
00000110101011011111100011001101100011110001000100000000000000000000000000000000000000000000000000000000000000000000000000000000
01110100110111001111011000011010000110010000101100000000000000000000000000000000000000000000000000000000000000000000000000000000
00110101101110011111001100010110110110111100001100000000000000000000000000000000000000000000000000000000000000000000000000000000
00000110010010000010011000001000010001110100100100000000000000000000000000000000000000000000000000000000000000000000000000000000
10110010011000010011010100010000000111101110101100000000000000000000000000000000000000000000000000000000000000000000000000000000
10010101011011110111111111010011110000100111010100000000000000000000000000000000000000000000000000000000000000000000000000000000
10110010011001001011000001011101010000001011110000000000000000000000000000000000000000000000000000000000000000000000000000000000
10101000000000111010110010001101110010000100111000000000000000000000000000000000000000000000000000000000000000000000000000000000
10010011111010001001010110001010000110100110010000000000000000000000000000000000000000000000000000000000000000000000000000000000
11010100010111011001110000010101011011001110111000000000000000000000000000000000000000000000000000000000000000000000000000000000
00100010111011011000111100001001111100100101010100000000000000000000000000000000000000000000000000000000000000000000000000000000
00110001100101001010001101011101110101111000001000000000000000000000000000000000000000000000000000000000000000000000000000000000
11010001101111000100001011010011100000010101101100000000000000000000000000000000000000000000000000000000000000000000000000000000
10100001111100010110000100011000101000111100010000000000000000000000000000000000000000000000000000000000000000000000000000000000
01100010100101010010110100011001101110011101100100000000000000000000000000000000000000000000000000000000000000000000000000000000
00100110101000001101101100000110100111100111101100000000000000000000000000000000000000000000000000000000000000000000000000000000
01010011000110111011110101010011100101100101010100000000000000000000000000000000000000000000000000000000000000000000000000000000
10000010001110000011001010011100001101011101101000000000000000000000000000000000000000000000000000000000000000000000000000000000
00010110000111101110100010000100110101001111100000000000000000000000000000000000000000000000000000000000000000000000000000000000
00100110101111101000011001000011101000100111000100000000000000000000000000000000000000000000000000000000000000000000000000000000
00110000000110000011000111011001000100111100010100000000000000000000000000000000000000000000000000000000000000000000000000000000
01010011011011000000111101010101111000010100000100000000000000000000000000000000000000000000000000000000000000000000000000000000
10110010110001111100001100011011111010100000000100000000000000000000000000000000000000000000000000000000000000000000000000000000
10010001010001100101011111011000000001010001101000000000000000000000000000000000000000000000000000000000000000000000000000000000
00100110001101100011000101000100010001111000010000000000000000000000000000000000000000000000000000000000000000000000000000000000
11010000001010010111111001001001111010100000111000000000000000000000000000000000000000000000000000000000000000000000000000000000
11110001110110110000001111001110001010100001010100000000000000000000000000000000000000000000000000000000000000000000000000000000
10010011010010010101110000000110010010001001010100000000000000000000000000000000000000000000000000000000000000000000000000000000
11110101100001010110111010011110010100001000111000000000000000000000000000000000000000000000000000000000000000000000000000000000
01010011110011001001101101001001011000100100000000000000000000000000000000000000000000000000000000000000000000000000000000000000
10010111110111011000010100000011101011101010101000000000000000000000000000000000000000000000000000000000000000000000000000000000
11000001001010100001100011010010011101000101100100000000000000000000000000000000000000000000000000000000000000000000000000000000
01100101110010000100010011000000101011100100111100000000000000000000000000000000000000000000000000000000000000000000000000000000
01010101110001110000011010000010100111111110110100000000000000000000000000000000000000000000000000000000000000000000000000000000
01100010101100001110001010010001010100011011010100000000000000000000000000000000000000000000000000000000000000000000000000000000
11010011010011011101000001010000101000001111110000000000000000000000000000000000000000000000000000000000000000000000000000000000
11010010111010110101011101000110101110111011000000000000000000000000000000000000000000000000000000000000000000000000000000000000
01101000000011001100011000000111101001011100011000000000000000000000000000000000000000000000000000000000000000000000000000000000
10100100001110011110110001011010010000001111100100000000000000000000000000000000000000000000000000000000000000000000000000000000
11000010110111111011100010010111110011110100100100000000000000000000000000000000000000000000000000000000000000000000000000000000
10110011000100101110011100011101011100111111111000000000000000000000000000000000000000000000000000000000000000000000000000000000
11100111111111100110001110001011100010001010100000000000000000000000000000000000000000000000000000000000000000000000000000000000
10000100000110111010111011011110001000101000100000000000000000000000000000000000000000000000000000000000000000000000000000000000
00100000110000111100001111000100110100101111010000000000000000000000000000000000000000000000000000000000000000000000000000000000
11110011110100110100101000000000011000110100111000000000000000000000000000000000000000000000000000000000000000000000000000000000
11101000001010101001011001001111011001111000011000000000000000000000000000000000000000000000000000000000000000000000000000000000
00110010010000100001101001011101111110101001101000000000000000000000000000000000000000000000000000000000000000000000000000000000
01100111000011000001001000000011000100011110100100000000000000000000000000000000000000000000000000000000000000000000000000000000
00000100011011001000000010000001010101001100011100000000000000000000000000000000000000000000000000000000000000000000000000000000
11100010100110101000110100010101111101000011111000000000000000000000000000000000000000000000000000000000000000000000000000000000
01100001111010101001111000001101000001001110110000000000000000000000000000000000000000000000000000000000000000000000000000000000
01010001100010010111111000000000001010111100000100000000000000000000000000000000000000000000000000000000000000000000000000000000
10110100001110000011111011011010101111111100011100000000000000000000000000000000000000000000000000000000000000000000000000000000
01010011101011001111110010001010101110011111001000000000000000000000000000000000000000000000000000000000000000000000000000000000
00110110001100011010111101011110101010001010110000000000000000000000000000000000000000000000000000000000000000000000000000000000
01010110100111011100111011011010111001111000101100000000000000000000000000000000000000000000000000000000000000000000000000000000
11011000001000011110011011001010001100000000010100000000000000000000000000000000000000000000000000000000000000000000000000000000
10010000111010010000010000001110110101101001101100000000000000000000000000000000000000000000000000000000000000000000000000000000
10000100100111011110001011011101101111100100100000000000000000000000000000000000000000000000000000000000000000000000000000000000
01110000000110011101111010000100110111011110110100000000000000000000000000000000000000000000000000000000000000000000000000000000
01010000111110100101111100000010111011101010000000000000000000000000000000000000000000000000000000000000000000000000000000000000
10100110000001101011011000000100111000110111010100000000000000000000000000000000000000000000000000000000000000000000000000000000
10010001101111011001101000011001111101110101110000000000000000000000000000000000000000000000000000000000000000000000000000000000
10010100100110111110010111001101100111000101001000000000000000000000000000000000000000000000000000000000000000000000000000000000
00000101111101000110111101000101100000011110001100000000000000000000000000000000000000000000000000000000000000000000000000000000
10100010001101011100011111010100100111100111000000000000000000000000000000000000000000000000000000000000000000000000000000000000
10110011101010110110111010010001000101001010000100000000000000000000000000000000000000000000000000000000000000000000000000000000
10010011110111001100101000001001010010001010111100000000000000000000000000000000000000000000000000000000000000000000000000000000
10010010111010111011101000001011011001011110000000000000000000000000000000000000000000000000000000000000000000000000000000000000
00100001100001000100100010001101101111010100001000000000000000000000000000000000000000000000000000000000000000000000000000000000
11100010111110110111100110000110101000001101000000000000000000000000000000000000000000000000000000000000000000000000000000000000
00010100100011100010100001000101110110010000101100000000000000000000000000000000000000000000000000000000000000000000000000000000
11010010001101101001011110011010101101001110100000000000000000000000000000000000000000000000000000000000000000000000000000000000
10010011101110010101011011001010000011110001100000000000000000000000000000000000000000000000000000000000000000000000000000000000
10010110000110000111010001001010110100110100011100000000000000000000000000000000000000000000000000000000000000000000000000000000
00110100110001001100001001000000100000101100100100000000000000000000000000000000000000000000000000000000000000000000000000000000
11000101111001100111111001011011000101011001101100000000000000000000000000000000000000000000000000000000000000000000000000000000
00010000010101111000011101010011111001100011010100000000000000000000000000000000000000000000000000000000000000000000000000000000
11000011100000011000001010011110110110111110111100000000000000000000000000000000000000000000000000000000000000000000000000000000
01010001000000001101010100000010011000010010011000000000000000000000000000000000000000000000000000000000000000000000000000000000
01000100100101010010000111000100001011001100001000000000000000000000000000000000000000000000000000000000000000000000000000000000
01010101010000001011010001001011110100010000000000000000000000000000000000000000000000000000000000000000000000000000000000000000
00100011111010000110100101010101011000111110101000000000000000000000000000000000000000000000000000000000000000000000000000000000
10110000101000011001010110001001111100010000000100000000000000000000000000000000000000000000000000000000000000000000000000000000
10100001100011011000001100001111011000100010110000000000000000000000000000000000000000000000000000000000000000000000000000000000
01010110011110000111000000000001110000011010101100000000000000000000000000000000000000000000000000000000000000000000000000000000
10010001000100101100100110011011100010110100000100000000000000000000000000000000000000000000000000000000000000000000000000000000
11110100100010111010000011000111011011001011100100000000000000000000000000000000000000000000000000000000000000000000000000000000
10010011001000111100110110001011010101111100101000000000000000000000000000000000000000000000000000000000000000000000000000000000
01100000001111100110010101011101011000101001110100000000000000000000000000000000000000000000000000000000000000000000000000000000
10110101110010000110010100010000111100011001101000000000000000000000000000000000000000000000000000000000000000000000000000000000
00110001101000101110001100011011110010000011101100000000000000000000000000000000000000000000000000000000000000000000000000000000
01000100111000100001001100001001111000010101011100000000000000000000000000000000000000000000000000000000000000000000000000000000
11110011010110001001110010010111100101100110010000000000000000000000000000000000000000000000000000000000000000000000000000000000
00000110000111111000111101011001010001011111111100000000000000000000000000000000000000000000000000000000000000000000000000000000
01000001010010110110011000010101010001101110010000000000000000000000000000000000000000000000000000000000000000000000000000000000
00000100111000011100110000010001110011011100110100000000000000000000000000000000000000000000000000000000000000000000000000000000
01100101110101100001010100001101010010001000011000000000000000000000000000000000000000000000000000000000000000000000000000000000
10110011000010110010011100000001001110001111011000000000000000000000000000000000000000000000000000000000000000000000000000000000
00110000011110000110011111010010110111101101111000000000000000000000000000000000000000000000000000000000000000000000000000000000
11000100110010000000111110010011000010001010110000000000000000000000000000000000000000000000000000000000000000000000000000000000
11100001001110001100111011001101100100001001101100000000000000000000000000000000000000000000000000000000000000000000000000000000
00010101000101010101101101001110000101011000010100000000000000000000000000000000000000000000000000000000000000000000000000000000
00110100100101010001110101011100110011001001101100000000000000000000000000000000000000000000000000000000000000000000000000000000
00110000100000011000010011001011100010110010011100000000000000000000000000000000000000000000000000000000000000000000000000000000
11010101000011011010111101000111010001111110101000000000000000000000000000000000000000000000000000000000000000000000000000000000
11110101010011010000110110011110110110111111011000000000000000000000000000000000000000000000000000000000000000000000000000000000
01010110111101011111001111000100110001000001100100000000000000000000000000000000000000000000000000000000000000000000000000000000
11110011010000100000000000000000101100111100101100000000000000000000000000000000000000000000000000000000000000000000000000000000
00010101010011100010001110001101100110010101111100000000000000000000000000000000000000000000000000000000000000000000000000000000
01100101011001101111110000000000011111100100010100000000000000000000000000000000000000000000000000000000000000000000000000000000
01000101000111100010011000011101000101100010100100000000000000000000000000000000000000000000000000000000000000000000000000000000
11010101100001101101100011001101010100011100100000000000000000000000000000000000000000000000000000000000000000000000000000000000
01000000010101000100101100011101011111111111111000000000000000000000000000000000000000000000000000000000000000000000000000000000
01000111011000001001000110011110000011001011100000000000000000000000000000000000000000000000000000000000000000000000000000000000
11000110011000011010101101011001001001010100000000000000000000000000000000000000000000000000000000000000000000000000000000000000
11010010010111101001000100010011110001110110001100000000000000000000000000000000000000000000000000000000000000000000000000000000
11110011001000000111101000010101101011011011100000000000000000000000000000000000000000000000000000000000000000000000000000000000
11111000000011100000101111001001100010001010100100000000000000000000000000000000000000000000000000000000000000000000000000000000
01100111011101011110101000010001110111100000000100000000000000000000000000000000000000000000000000000000000000000000000000000000
01000011001001011010101000011001100110010001000000000000000000000000000000000000000000000000000000000000000000000000000000000000
01100110110001011100110111011000101110010101101000000000000000000000000000000000000000000000000000000000000000000000000000000000
10110100100001101111110111000100011100111011011100000000000000000000000000000000000000000000000000000000000000000000000000000000
10010100111011101010100110001110001101101001101000000000000000000000000000000000000000000000000000000000000000000000000000000000
11000100111100011100111100011111110010100100101000000000000000000000000000000000000000000000000000000000000000000000000000000000
00100001011100000001001000010110100101010100000000000000000000000000000000000000000000000000000000000000000000000000000000000000
01100111011011101110111101001101010101111111000000000000000000000000000000000000000000000000000000000000000000000000000000000000
00010100111100100011010111010111011101011100101100000000000000000000000000000000000000000000000000000000000000000000000000000000
00010000000011111001001010001000100100011111000000000000000000000000000000000000000000000000000000000000000000000000000000000000
10010011110000000000001011001100000110101101111000000000000000000000000000000000000000000000000000000000000000000000000000000000
10110100011000101100001010010011110111000110010000000000000000000000000000000000000000000000000000000000000000000000000000000000
01110010010100011100111111000111100001101101011100000000000000000000000000000000000000000000000000000000000000000000000000000000
11100011111010011010101011000101011111001001111000000000000000000000000000000000000000000000000000000000000000000000000000000000
01100001101110100001100010011111001110101100110000000000000000000000000000000000000000000000000000000000000000000000000000000000
00000111001101011100101100001101010001000000000100000000000000000000000000000000000000000000000000000000000000000000000000000000
10010110100000000101100011000001100110001101010100000000000000000000000000000000000000000000000000000000000000000000000000000000
00100011001110111111110011000110001101101010001100000000000000000000000000000000000000000000000000000000000000000000000000000000
01110110011111111100000010010110000101010010000000000000000000000000000000000000000000000000000000000000000000000000000000000000
01110011100010000010100100000001010011010111100000000000000000000000000000000000000000000000000000000000000000000000000000000000
00010110101111000001100111100000010101100110000000000000000000000000000000000000000000000000000000000000000000000000000000000000
11100111100000110110010000010011100010100110101100000000000000000000000000000000000000000000000000000000000000000000000000000000
01010010011111101010101101001001011011010101011000000000000000000000000000000000000000000000000000000000000000000000000000000000
01000100011101001110110011001011111011011000011000000000000000000000000000000000000000000000000000000000000000000000000000000000
10000000000001001100110100010011111011000110001000000000000000000000000000000000000000000000000000000000000000000000000000000000
10010110010011100101011101010011011111100001110100000000000000000000000000000000000000000000000000000000000000000000000000000000
10010101010110100000100101011000100111001011100100000000000000000000000000000000000000000000000000000000000000000000000000000000
00100100100011100000111000001101001000110111111100000000000000000000000000000000000000000000000000000000000000000000000000000000
00110100111001100111010000011101100100001010101000000000000000000000000000000000000000000000000000000000000000000000000000000000
10100011111010100110001010001100100011101101000100000000000000000000000000000000000000000000000000000000000000000000000000000000
11100110000100000111010000010110011010100001111000000000000000000000000000000000000000000000000000000000000000000000000000000000
10110110010100010010101011000111010100110110101100000000000000000000000000000000000000000000000000000000000000000000000000000000
10010011010111010000011110000001000010111010010100000000000000000000000000000000000000000000000000000000000000000000000000000000
01100110100010000010101110010001011000010000000000000000000000000000000000000000000000000000000000000000000000000000000000000000
11010010110001111001011010000101001010010011010000000000000000000000000000000000000000000000000000000000000000000000000000000000
01010001011110001111001000000010111100011010100000000000000000000000000000000000000000000000000000000000000000000000000000000000
01100111111101011010000101000011000001011011011000000000000000000000000000000000000000000000000000000000000000000000000000000000
00010001100110001001000000011000011001001000101000000000000000000000000000000000000000000000000000000000000000000000000000000000
10010110110101011110011001010000000101001011110000000000000000000000000000000000000000000000000000000000000000000000000000000000
01000011110100110011110000000101101010101100011000000000000000000000000000000000000000000000000000000000000000000000000000000000
01000001001100110100100111001110111100101000110100000000000000000000000000000000000000000000000000000000000000000000000000000000
10100010001000010010000001011000001100010100111100000000000000000000000000000000000000000000000000000000000000000000000000000000
01100001000111110101100011001100111110010111100100000000000000000000000000000000000000000000000000000000000000000000000000000000
11100101001110100011110100001110000100110010001000000000000000000000000000000000000000000000000000000000000000000000000000000000
01000110110111110100011000001111010101101110010000000000000000000000000000000000000000000000000000000000000000000000000000000000
11000001010100000100011010001101010100101010000000000000000000000000000000000000000000000000000000000000000000000000000000000000
11110101101010010010110111010001101111110111011000000000000000000000000000000000000000000000000000000000000000000000000000000000
00000010111101001001000100000111001111000000010100000000000000000000000000000000000000000000000000000000000000000000000000000000
11010000101101110110001001000111010010010110110000000000000000000000000000000000000000000000000000000000000000000000000000000000
11000100010011011101000000011000101010000110010000000000000000000000000000000000000000000000000000000000000000000000000000000000
11100111001001101110101110010101111010001110111000000000000000000000000000000000000000000000000000000000000000000000000000000000
11100100100011011010110011010011000110001110110000000000000000000000000000000000000000000000000000000000000000000000000000000000
00000000000100000100010001011010101000111100001000000000000000000000000000000000000000000000000000000000000000000000000000000000
10110000011000001001110010000010111111101110010100000000000000000000000000000000000000000000000000000000000000000000000000000000
01000000100000101011010100000000101011111000000000000000000000000000000000000000000000000000000000000000000000000000000000000000
11000000111010110100100110010100000001001100100000000000000000000000000000000000000000000000000000000000000000000000000000000000
01000111110100010111010110001001100011101101100000000000000000000000000000000000000000000000000000000000000000000000000000000000
00100111101001111001000111010000111000101010000000000000000000000000000000000000000000000000000000000000000000000000000000000000
10110010000101101010101011000110100110100110001100000000000000000000000000000000000000000000000000000000000000000000000000000000
00100010010110110110110110010111100111100110010100000000000000000000000000000000000000000000000000000000000000000000000000000000
00100001110010000000111001000100010001100111101000000000000000000000000000000000000000000000000000000000000000000000000000000000
11000000000101010010001000011100001100010110010100000000000000000000000000000000000000000000000000000000000000000000000000000000
10111000000100101101001100001110100101000011111100000000000000000000000000000000000000000000000000000000000000000000000000000000
01010111010001010011000011011010000110000111101000000000000000000000000000000000000000000000000000000000000000000000000000000000
01110110011100111001100000000011000101111110010100000000000000000000000000000000000000000000000000000000000000000000000000000000
11000010000000011110101111010000100000110001110000000000000000000000000000000000000000000000000000000000000000000000000000000000
00110001101101100010000111000101001010010001010000000000000000000000000000000000000000000000000000000000000000000000000000000000
00100011100100001111100001010101110100100111110100000000000000000000000000000000000000000000000000000000000000000000000000000000
00010001110100010100010011000101010001010100101100000000000000000000000000000000000000000000000000000000000000000000000000000000
11100111010010101000100110011111011111000001011100000000000000000000000000000000000000000000000000000000000000000000000000000000
00000011011110101000000111000011010001000100110000000000000000000000000000000000000000000000000000000000000000000000000000000000
11110100110011100001010010001001101011100111100100000000000000000000000000000000000000000000000000000000000000000000000000000000
11010001101110011101000101000001011001100001000000000000000000000000000000000000000000000000000000000000000000000000000000000000
01010100111010110101110000000011101010101110010100000000000000000000000000000000000000000000000000000000000000000000000000000000
11111000000000010101000011000000001011000011010100000000000000000000000000000000000000000000000000000000000000000000000000000000
10110001111101101101100101000101011110010001011000000000000000000000000000000000000000000000000000000000000000000000000000000000
01100100100001111000000010001011100111010100000100000000000000000000000000000000000000000000000000000000000000000000000000000000
10010001000000101100011010011011101001110100001000000000000000000000000000000000000000000000000000000000000000000000000000000000
00110011000001110111101110011001101011010100110000000000000000000000000000000000000000000000000000000000000000000000000000000000
00100000010111101100001000010101111101111000011100000000000000000000000000000000000000000000000000000000000000000000000000000000
10100000010110110001100000011001110101110011111000000000000000000000000000000000000000000000000000000000000000000000000000000000
10100001000001100010111011000111010000101010000000000000000000000000000000000000000000000000000000000000000000000000000000000000
11110110100000001011101100011110000110110010110000000000000000000000000000000000000000000000000000000000000000000000000000000000
01000010010000001111100111000011111100010011100100000000000000000000000000000000000000000000000000000000000000000000000000000000
01000101010001001101011001001110110111011010100100000000000000000000000000000000000000000000000000000000000000000000000000000000
11000000001110011001000101001011100011010010000100000000000000000000000000000000000000000000000000000000000000000000000000000000
10100101111100001001000011000100010000011011000100000000000000000000000000000000000000000000000000000000000000000000000000000000
01100010111111110001100011000011011001101100001100000000000000000000000000000000000000000000000000000000000000000000000000000000
00110001100001100100100001010010111111001000101100000000000000000000000000000000000000000000000000000000000000000000000000000000
00100111111110111010111101011110110111111000000100000000000000000000000000000000000000000000000000000000000000000000000000000000
01010110000111101100011100001010110111111110001100000000000000000000000000000000000000000000000000000000000000000000000000000000
01100001111011010100011101001110010110001111101100000000000000000000000000000000000000000000000000000000000000000000000000000000
10010001001110000000010110010010111000010111110100000000000000000000000000000000000000000000000000000000000000000000000000000000
11010001100110010101010011011001000111011111000100000000000000000000000000000000000000000000000000000000000000000000000000000000
01010001101011011001010100010110011100111010001000000000000000000000000000000000000000000000000000000000000000000000000000000000
10000010111001100111011001010001000110000011000000000000000000000000000000000000000000000000000000000000000000000000000000000000
10110001000100111101101001011100111011111100111000000000000000000000000000000000000000000000000000000000000000000000000000000000
01000001110101100010011000011001100110000000001000000000000000000000000000000000000000000000000000000000000000000000000000000000
00000010100001100010011111000000111011001001100000000000000000000000000000000000000000000000000000000000000000000000000000000000
00000000100100010101001010000110101010111111000100000000000000000000000000000000000000000000000000000000000000000000000000000000
00000100100111100110111111001011110100111000100000000000000000000000000000000000000000000000000000000000000000000000000000000000
00100100001010010010010111001011001010000101001000000000000000000000000000000000000000000000000000000000000000000000000000000000
10110010100011101101011001010110011000111101000000000000000000000000000000000000000000000000000000000000000000000000000000000000
01110011111000010111011001000010100010111101110100000000000000000000000000000000000000000000000000000000000000000000000000000000
00100100001001011001010110010100001100100011101100000000000000000000000000000000000000000000000000000000000000000000000000000000
00010111010011011111010101011010101100000110100100000000000000000000000000000000000000000000000000000000000000000000000000000000
11110101110011110001010011010100110110111110111000000000000000000000000000000000000000000000000000000000000000000000000000000000
01110110100011111110010001001100101101100011110000000000000000000000000000000000000000000000000000000000000000000000000000000000
01110000001110101110001110011101011100101111000100000000000000000000000000000000000000000000000000000000000000000000000000000000
10000110011000000011110011010000110011110000101100000000000000000000000000000000000000000000000000000000000000000000000000000000
00010110101110011010011000010101011000010000101000000000000000000000000000000000000000000000000000000000000000000000000000000000
11110010111100001110111111000110011101111110101000000000000000000000000000000000000000000000000000000000000000000000000000000000
01000101000100011001010100011001011100010110101100000000000000000000000000000000000000000000000000000000000000000000000000000000
10110000100101110011010011100000000001110001101000000000000000000000000000000000000000000000000000000000000000000000000000000000
10100011000011111000101100011011001001001100000100000000000000000000000000000000000000000000000000000000000000000000000000000000
11010000011001100100000100010100001001100111000100000000000000000000000000000000000000000000000000000000000000000000000000000000
11000111000010100100011100011011010111100111101100000000000000000000000000000000000000000000000000000000000000000000000000000000
01110101001100111100011111001111011111111011111100000000000000000000000000000000000000000000000000000000000000000000000000000000
01000011101010011010110000000101011000111010000100000000000000000000000000000000000000000000000000000000000000000000000000000000
00000111110100010000000001001010101110111001010000000000000000000000000000000000000000000000000000000000000000000000000000000000
00010100000111001101010101000110111110110000001100000000000000000000000000000000000000000000000000000000000000000000000000000000
00000111111000110000100010000110010111000000101100000000000000000000000000000000000000000000000000000000000000000000000000000000
11010100001101010110010011001000100101011111101000000000000000000000000000000000000000000000000000000000000000000000000000000000
00011000000110011100000110011010100001010111101100000000000000000000000000000000000000000000000000000000000000000000000000000000
10110011010101100110100010000110001100100011100100000000000000000000000000000000000000000000000000000000000000000000000000000000
00000011011101010000001110011111010101001100110100000000000000000000000000000000000000000000000000000000000000000000000000000000
11100010011000111100010111001010111110111111001100000000000000000000000000000000000000000000000000000000000000000000000000000000
01110010110100100010110100001011100011000000011000000000000000000000000000000000000000000000000000000000000000000000000000000000
00001000000100011011001011011011011000001100110100000000000000000000000000000000000000000000000000000000000000000000000000000000
00010101010011011100010000011010100010000101010000000000000000000000000000000000000000000000000000000000000000000000000000000000
10000000110010100111111000011011111100111110101000000000000000000000000000000000000000000000000000000000000000000000000000000000
01100101100000011101100110001101101010000011000100000000000000000000000000000000000000000000000000000000000000000000000000000000
00010110101011010011111010011111010011010010011000000000000000000000000000000000000000000000000000000000000000000000000000000000
11110100000111010111011100011110110110101011010000000000000000000000000000000000000000000000000000000000000000000000000000000000
00000110011000110001100000000101001000010011001000000000000000000000000000000000000000000000000000000000000000000000000000000000
10000110000101100010010100010011010000111001000000000000000000000000000000000000000000000000000000000000000000000000000000000000
00110001011001010010010101000101101111011001101000000000000000000000000000000000000000000000000000000000000000000000000000000000
01110111011111001110100101011110110000001011110100000000000000000000000000000000000000000000000000000000000000000000000000000000
10100010011110011001111001010110110000100101110000000000000000000000000000000000000000000000000000000000000000000000000000000000
10100101010010110000010111001011100011101110100100000000000000000000000000000000000000000000000000000000000000000000000000000000
00110100100100010010111111001010011001110000101100000000000000000000000000000000000000000000000000000000000000000000000000000000
00010100101011100100110000001101011001010111000100000000000000000000000000000000000000000000000000000000000000000000000000000000
10000101111100111111011110011111011101010010001000000000000000000000000000000000000000000000000000000000000000000000000000000000
00000011000100010110001100000101010011010101001000000000000000000000000000000000000000000000000000000000000000000000000000000000
01000000010101000101100101000011010010110000111100000000000000000000000000000000000000000000000000000000000000000000000000000000
01010111010011111100110100001000010010110000101000000000000000000000000000000000000000000000000000000000000000000000000000000000
00011000000111101011100111010101011011011100000100000000000000000000000000000000000000000000000000000000000000000000000000000000
11110001001101001111101111010110101111100100011100000000000000000000000000000000000000000000000000000000000000000000000000000000
11100100011100110010101001001100101010001001101000000000000000000000000000000000000000000000000000000000000000000000000000000000
11110001101110011000011011001110001000110110100000000000000000000000000000000000000000000000000000000000000000000000000000000000
11100010110001001110101101000000101111010111100100000000000000000000000000000000000000000000000000000000000000000000000000000000
11110101010010110101111000011010011001101001010100000000000000000000000000000000000000000000000000000000000000000000000000000000
10100010111100010001001101010011000000000111110100000000000000000000000000000000000000000000000000000000000000000000000000000000
01000110011100001111001101100000011011010100010000000000000000000000000000000000000000000000000000000000000000000000000000000000
01010011100110101011011000011001011100101001111000000000000000000000000000000000000000000000000000000000000000000000000000000000
00100010010010010000111110000110011110111011100000000000000000000000000000000000000000000000000000000000000000000000000000000000
01010010010010111000010001001010000110100000110000000000000000000000000000000000000000000000000000000000000000000000000000000000
11000011011001000101010000011010001000100111010000000000000000000000000000000000000000000000000000000000000000000000000000000000
00000100011101001011011101010101010010101000010000000000000000000000000000000000000000000000000000000000000000000000000000000000
11010111010001110010111100001010000101000001101000000000000000000000000000000000000000000000000000000000000000000000000000000000
10110010001000100011101011011111011111010010101100000000000000000000000000000000000000000000000000000000000000000000000000000000
01010111111100011001010110000000000001111001000100000000000000000000000000000000000000000000000000000000000000000000000000000000
10010001101110000010011011010101111101100011100100000000000000000000000000000000000000000000000000000000000000000000000000000000
01110101001111001001011001000110101101000111110100000000000000000000000000000000000000000000000000000000000000000000000000000000
00010111010011111001001100000001010010110000111100000000000000000000000000000000000000000000000000000000000000000000000000000000
00100111111111101101111110010001100001011101000100000000000000000000000000000000000000000000000000000000000000000000000000000000
00110010011111111001000011000110010110011011111000000000000000000000000000000000000000000000000000000000000000000000000000000000
01100000101111111101110001010001101010100101110100000000000000000000000000000000000000000000000000000000000000000000000000000000
10100011110101010010111101010110100010010001001000000000000000000000000000000000000000000000000000000000000000000000000000000000
00100000110001100111101111010000001110010100110000000000000000000000000000000000000000000000000000000000000000000000000000000000
10000011110111000001110000010010101110101111101000000000000000000000000000000000000000000000000000000000000000000000000000000000
00010000111110000110111110001110010101010101011100000000000000000000000000000000000000000000000000000000000000000000000000000000
10100100010011010011010011000010000011100000101000000000000000000000000000000000000000000000000000000000000000000000000000000000
01010100110101111000100001010000111010000110101000000000000000000000000000000000000000000000000000000000000000000000000000000000
00100101100001001101111110000010101010001010110100000000000000000000000000000000000000000000000000000000000000000000000000000000
10010100010101010010110101011100110001100001001100000000000000000000000000000000000000000000000000000000000000000000000000000000
00100011110000111110111111010010011010111111000000000000000000000000000000000000000000000000000000000000000000000000000000000000
00010111010101110000101001010011001010111100001100000000000000000000000000000000000000000000000000000000000000000000000000000000
11100101011110111100001101001011001100011010110100000000000000000000000000000000000000000000000000000000000000000000000000000000
10000110000111001100111100000000101111101010011000000000000000000000000000000000000000000000000000000000000000000000000000000000
01010110100010101010100011000010000010100100100000000000000000000000000000000000000000000000000000000000000000000000000000000000
00100100100011100100000101001001111001011101000100000000000000000000000000000000000000000000000000000000000000000000000000000000
11010101101001100000110111001001000101000111001100000000000000000000000000000000000000000000000000000000000000000000000000000000
11110110111010001001000100011100010110001000111100000000000000000000000000000000000000000000000000000000000000000000000000000000
10100100101001110100011110010110110010010110110000000000000000000000000000000000000000000000000000000000000000000000000000000000
00100011000100010001001100001101101100100001101100000000000000000000000000000000000000000000000000000000000000000000000000000000
00010000101100101001100001010000011101011010111000000000000000000000000000000000000000000000000000000000000000000000000000000000
10010000001111011111110011001100110101110111000100000000000000000000000000000000000000000000000000000000000000000000000000000000
11010101001100111001101010001000101010101110101000000000000000000000000000000000000000000000000000000000000000000000000000000000
01000110010111011100101111000111100110100011101100000000000000000000000000000000000000000000000000000000000000000000000000000000
10010011111011000010111111011000010000111111010100000000000000000000000000000000000000000000000000000000000000000000000000000000
01010110110001111010100011000111010111010000011100000000000000000000000000000000000000000000000000000000000000000000000000000000
10010111110010110010100011100000010001101010010100000000000000000000000000000000000000000000000000000000000000000000000000000000
10010111111001010111000111001101100100101111000100000000000000000000000000000000000000000000000000000000000000000000000000000000
01110001110010101010111101010110111011101000110100000000000000000000000000000000000000000000000000000000000000000000000000000000
10100101010000100110010110010110100111100000100100000000000000000000000000000000000000000000000000000000000000000000000000000000
01100101011110010110011101011001100101111000000000000000000000000000000000000000000000000000000000000000000000000000000000000000
00100001011000000110110101010110000000111111000000000000000000000000000000000000000000000000000000000000000000000000000000000000
01110011111101011110011111011100001010110111010100000000000000000000000000000000000000000000000000000000000000000000000000000000
10110101111100100101100101011100110111001101001100000000000000000000000000000000000000000000000000000000000000000000000000000000
00010000011011001111111000000010001101100010101000000000000000000000000000000000000000000000000000000000000000000000000000000000
10100010100101100110010110000000001111110101100000000000000000000000000000000000000000000000000000000000000000000000000000000000
10000000110100101000100110000100001000111110000100000000000000000000000000000000000000000000000000000000000000000000000000000000
00000001111011110010110000011111000001001011011000000000000000000000000000000000000000000000000000000000000000000000000000000000
11110011000100100100111001001001000000001101100000000000000000000000000000000000000000000000000000000000000000000000000000000000
10010111010101111101011010000100101110000111110100000000000000000000000000000000000000000000000000000000000000000000000000000000
10100101011101101111111101001100010000001111100100000000000000000000000000000000000000000000000000000000000000000000000000000000
00010010010111000101011011011011011001001010101000000000000000000000000000000000000000000000000000000000000000000000000000000000
00110011100011101001000010000010100111101111111100000000000000000000000000000000000000000000000000000000000000000000000000000000
11100111110000000000001100001110001101110001001000000000000000000000000000000000000000000000000000000000000000000000000000000000
11000111110110011110000000001000110001010111001100000000000000000000000000000000000000000000000000000000000000000000000000000000
11000111100011111010011011000010000101110010110100000000000000000000000000000000000000000000000000000000000000000000000000000000
01110010001101010000101010010111101010000010011000000000000000000000000000000000000000000000000000000000000000000000000000000000
00111000000010111001111100001100110111110001010000000000000000000000000000000000000000000000000000000000000000000000000000000000
10110001111000011111100011010110101101010111100100000000000000000000000000000000000000000000000000000000000000000000000000000000
10110000011110001001110100010101001110101110010100000000000000000000000000000000000000000000000000000000000000000000000000000000
01100111011110110110010010000001001001101110011100000000000000000000000000000000000000000000000000000000000000000000000000000000
10100111111101000100010101010000110001011010101000000000000000000000000000000000000000000000000000000000000000000000000000000000
01100000101110101111111100010000001000000000011100000000000000000000000000000000000000000000000000000000000000000000000000000000
00100101001011010111000110010110110010000110101000000000000000000000000000000000000000000000000000000000000000000000000000000000
01010010101111110000010111011001010000101010001100000000000000000000000000000000000000000000000000000000000000000000000000000000
10000111010111101001011011000110111010101111010100000000000000000000000000000000000000000000000000000000000000000000000000000000
11010011001110010110001010000110111010111011100000000000000000000000000000000000000000000000000000000000000000000000000000000000
01000000001100101000011000011001110011000010100000000000000000000000000000000000000000000000000000000000000000000000000000000000
00100101101000110011000000011010010001111000111000000000000000000000000000000000000000000000000000000000000000000000000000000000
00000001110010011001101010001101001001000001011100000000000000000000000000000000000000000000000000000000000000000000000000000000
11100001001100011100110010001000111100010111100100000000000000000000000000000000000000000000000000000000000000000000000000000000
11010000110110000010110011001011011000011011010100000000000000000000000000000000000000000000000000000000000000000000000000000000
00010101101000000000100011010011010101001100001000000000000000000000000000000000000000000000000000000000000000000000000000000000
10110100111101001110101000000101010000011100001100000000000000000000000000000000000000000000000000000000000000000000000000000000
11000110000101010011101011010011110001111110111000000000000000000000000000000000000000000000000000000000000000000000000000000000
00110011101101001010010010010011001101011111111000000000000000000000000000000000000000000000000000000000000000000000000000000000
11010101110011100100110001011111101101000100000000000000000000000000000000000000000000000000000000000000000000000000000000000000
00010110011011001110011111010110000010101110000100000000000000000000000000000000000000000000000000000000000000000000000000000000
10100000011111100111010001010110001011010011110100000000000000000000000000000000000000000000000000000000000000000000000000000000
11110001110010010110010100000001010010011101010000000000000000000000000000000000000000000000000000000000000000000000000000000000
00000010001011101010111001001100111101110010010000000000000000000000000000000000000000000000000000000000000000000000000000000000
11110001001110001111101010010100001110011000100100000000000000000000000000000000000000000000000000000000000000000000000000000000
11100000011110010001000110001010000001110000011100000000000000000000000000000000000000000000000000000000000000000000000000000000
11010111011111101000100000011010110011111110100100000000000000000000000000000000000000000000000000000000000000000000000000000000
11100110011100010101111000011010010010110101000000000000000000000000000000000000000000000000000000000000000000000000000000000000
00010000001011000000111011010011001000010010001000000000000000000000000000000000000000000000000000000000000000000000000000000000
11010100000100110111010011010011000010111000001000000000000000000000000000000000000000000000000000000000000000000000000000000000
10000010110110001010001111010001111100010001111000000000000000000000000000000000000000000000000000000000000000000000000000000000
01100001010110110001000000011010001100011101011000000000000000000000000000000000000000000000000000000000000000000000000000000000
01010000011101101110000100000011011111110100101100000000000000000000000000000000000000000000000000000000000000000000000000000000
10110100001010011110001110001111110110001010110000000000000000000000000000000000000000000000000000000000000000000000000000000000
11000010000011111100110011001010101110111011000100000000000000000000000000000000000000000000000000000000000000000000000000000000
00110001000111001100111101001011101010010111011100000000000000000000000000000000000000000000000000000000000000000000000000000000
00011000000011001110010100000011110111010000010100000000000000000000000000000000000000000000000000000000000000000000000000000000
11110100010001111100000010000101001110101111011100000000000000000000000000000000000000000000000000000000000000000000000000000000
01100111010110100000001110010000101100100100101000000000000000000000000000000000000000000000000000000000000000000000000000000000
10010111001100001101010000001011101111010001001100000000000000000000000000000000000000000000000000000000000000000000000000000000
00000110110001001101100110000001111100111101001000000000000000000000000000000000000000000000000000000000000000000000000000000000
00100111000010000011110100100000100100001110100000000000000000000000000000000000000000000000000000000000000000000000000000000000
00110001100101110111010110001000001101100001100100000000000000000000000000000000000000000000000000000000000000000000000000000000
10000111101111001011011011001010001000100100001100000000000000000000000000000000000000000000000000000000000000000000000000000000
01100110101000111000101011000000010111000111101100000000000000000000000000000000000000000000000000000000000000000000000000000000
10010100010111100100111100100000001000000101111100000000000000000000000000000000000000000000000000000000000000000000000000000000
10010101110111111001110110000101011010011001011100000000000000000000000000000000000000000000000000000000000000000000000000000000
00100101111011000101100000001111111001001001011000000000000000000000000000000000000000000000000000000000000000000000000000000000
10010011101010000001011111000011011011100000011100000000000000000000000000000000000000000000000000000000000000000000000000000000
11010011101000010010111111011011000110010101001100000000000000000000000000000000000000000000000000000000000000000000000000000000
11100010110100000100110010100000010001010001110100000000000000000000000000000000000000000000000000000000000000000000000000000000
10110000010001100100111001001111010001100001010100000000000000000000000000000000000000000000000000000000000000000000000000000000
00000110101001010100000101010100001110000001011100000000000000000000000000000000000000000000000000000000000000000000000000000000
01010110011010101010011001011100110111000000000100000000000000000000000000000000000000000000000000000000000000000000000000000000
11110111000100011001100111000100110110111011101000000000000000000000000000000000000000000000000000000000000000000000000000000000
01110110101111111000010101011100100001111010010000000000000000000000000000000000000000000000000000000000000000000000000000000000
11010111100110011101111100011111001101001100000000000000000000000000000000000000000000000000000000000000000000000000000000000000
11010001001100010001001001011101000001001010111000000000000000000000000000000000000000000000000000000000000000000000000000000000
10000100111100001101000001000100001001100101010100000000000000000000000000000000000000000000000000000000000000000000000000000000
11100000001000010011001000011001010100010101111000000000000000000000000000000000000000000000000000000000000000000000000000000000
11110001010111100001101110001000100111100010011000000000000000000000000000000000000000000000000000000000000000000000000000000000
11100111110010011011011001011010001001111101000100000000000000000000000000000000000000000000000000000000000000000000000000000000
11100010001001001101001100001110010111101010101000000000000000000000000000000000000000000000000000000000000000000000000000000000
00010001010100110101001010000001111111101011101000000000000000000000000000000000000000000000000000000000000000000000000000000000
00100010001010000001001100000000011011100101111000000000000000000000000000000000000000000000000000000000000000000000000000000000
11100100000011000110110001000000010101100010111000000000000000000000000000000000000000000000000000000000000000000000000000000000
01001000000011111100111000000001100110010000101100000000000000000000000000000000000000000000000000000000000000000000000000000000
00100001001000111100001110001011100010000111101000000000000000000000000000000000000000000000000000000000000000000000000000000000
10100000001000010011001010001011001000001000000100000000000000000000000000000000000000000000000000000000000000000000000000000000
11110101100111100111101101000000100000100001000000000000000000000000000000000000000000000000000000000000000000000000000000000000
01110110011001011001011101010001111001010100011100000000000000000000000000000000000000000000000000000000000000000000000000000000
11010100100011110001000000100000011110000100111000000000000000000000000000000000000000000000000000000000000000000000000000000000
10100001000011111011001101000111001101000111101100000000000000000000000000000000000000000000000000000000000000000000000000000000
10110100100110001001011011001100100110010001101000000000000000000000000000000000000000000000000000000000000000000000000000000000
01010111110101101110000101011110000010101011000100000000000000000000000000000000000000000000000000000000000000000000000000000000
10000010111111000010011001011110011011001000001000000000000000000000000000000000000000000000000000000000000000000000000000000000
01010001111111000011101010011100001111101010110100000000000000000000000000000000000000000000000000000000000000000000000000000000
01110101100000000000000111000000010011100110101100000000000000000000000000000000000000000000000000000000000000000000000000000000
10000011001001010101100001000111011011101000011100000000000000000000000000000000000000000000000000000000000000000000000000000000
10100011000101111010001010001011010111001001110100000000000000000000000000000000000000000000000000000000000000000000000000000000
10110101100010100010111010011110101010011100100100000000000000000000000000000000000000000000000000000000000000000000000000000000
00110111100010000101111110001011111100111111011000000000000000000000000000000000000000000000000000000000000000000000000000000000
01000001011011011010000001011000011111100111010000000000000000000000000000000000000000000000000000000000000000000000000000000000
00100001100110000010111110000111001001101101100000000000000000000000000000000000000000000000000000000000000000000000000000000000
00110110111010100100010001010001001001101011010100000000000000000000000000000000000000000000000000000000000000000000000000000000
01110001010001000001001011000111111011000110010000000000000000000000000000000000000000000000000000000000000000000000000000000000
01100001000100101100011100001010111010101110010000000000000000000000000000000000000000000000000000000000000000000000000000000000
00100110000000100010011010001110100111001110101000000000000000000000000000000000000000000000000000000000000000000000000000000000
10010010101011101001110110001101000011101001011000000000000000000000000000000000000000000000000000000000000000000000000000000000
01000110110011001100001000010101000010110110101100000000000000000000000000000000000000000000000000000000000000000000000000000000
10010011010000111011100100011000010000101111101000000000000000000000000000000000000000000000000000000000000000000000000000000000
11010100110000010100010000000000111011101010011100000000000000000000000000000000000000000000000000000000000000000000000000000000
10010100111010011101010111000001110110011010101100000000000000000000000000000000000000000000000000000000000000000000000000000000
11110100110110111011100000000000001100100011101100000000000000000000000000000000000000000000000000000000000000000000000000000000
10100101111100000111111110011110010010001110010100000000000000000000000000000000000000000000000000000000000000000000000000000000
00010010000100111011111000010000001111000001011000000000000000000000000000000000000000000000000000000000000000000000000000000000
11000010001110000001100001011010001101100001111000000000000000000000000000000000000000000000000000000000000000000000000000000000
01100000000001100111111111001111111001011011001000000000000000000000000000000000000000000000000000000000000000000000000000000000
11000010001101000111111010011101101111001101011100000000000000000000000000000000000000000000000000000000000000000000000000000000
10110001000010011010111011000010000011101000010000000000000000000000000000000000000000000000000000000000000000000000000000000000
00000101011100101101100011010110010101101101100000000000000000000000000000000000000000000000000000000000000000000000000000000000
10000111111110001100001001010011100011011000000000000000000000000000000000000000000000000000000000000000000000000000000000000000
11100010001111111001000111011001100000001001000000000000000000000000000000000000000000000000000000000000000000000000000000000000
00000000000011100011000101000000010111101110001100000000000000000000000000000000000000000000000000000000000000000000000000000000
10010000000100011000011001011000000001100100010100000000000000000000000000000000000000000000000000000000000000000000000000000000
11000001101100010011000001010110111111111111101100000000000000000000000000000000000000000000000000000000000000000000000000000000
10010101100000101101010001010110101101011010010100000000000000000000000000000000000000000000000000000000000000000000000000000000
01000001010110111001110101001010101010100110010100000000000000000000000000000000000000000000000000000000000000000000000000000000
10000001001100011101001011011011001010001000100100000000000000000000000000000000000000000000000000000000000000000000000000000000
00110011100111101001001011010000000111100100110100000000000000000000000000000000000000000000000000000000000000000000000000000000
10000100010010111000100010001010000100010100110100000000000000000000000000000000000000000000000000000000000000000000000000000000
10100001100010100011101110000010001011000001110000000000000000000000000000000000000000000000000000000000000000000000000000000000
11100111100001011001011010010101000100001010100000000000000000000000000000000000000000000000000000000000000000000000000000000000
00110010010101100100100110011101111001011011111100000000000000000000000000000000000000000000000000000000000000000000000000000000
00010010111111111111110000010101101100100001001000000000000000000000000000000000000000000000000000000000000000000000000000000000
01000000011110000000011011011110111000110001111000000000000000000000000000000000000000000000000000000000000000000000000000000000
11110010110000001100111100000101101001100100011100000000000000000000000000000000000000000000000000000000000000000000000000000000
00001000001010100110010110011100100111111011110000000000000000000000000000000000000000000000000000000000000000000000000000000000
00010110001111001111101010010000110110000011010100000000000000000000000000000000000000000000000000000000000000000000000000000000
01000111011011001000101100001101100111111010110100000000000000000000000000000000000000000000000000000000000000000000000000000000
10010111011010010101011101010110101000001000000100000000000000000000000000000000000000000000000000000000000000000000000000000000
10110111011000111011111011011010010111100011001000000000000000000000000000000000000000000000000000000000000000000000000000000000
00010011101010000101110011010001000011010111000000000000000000000000000000000000000000000000000000000000000000000000000000000000
01000001110100110001001111011000001010011001111100000000000000000000000000000000000000000000000000000000000000000000000000000000
00010011110000101000110010010110010001010010000000000000000000000000000000000000000000000000000000000000000000000000000000000000
00110100100001010001001010001100010100001101001100000000000000000000000000000000000000000000000000000000000000000000000000000000
10110111101100000000111010001101101000111010010000000000000000000000000000000000000000000000000000000000000000000000000000000000
01010011001101011001110101001101001010111000100100000000000000000000000000000000000000000000000000000000000000000000000000000000
01100110001111111101110001001100011001011100001000000000000000000000000000000000000000000000000000000000000000000000000000000000
10110001111101101010000100011100001111111000001100000000000000000000000000000000000000000000000000000000000000000000000000000000
11010101011111001010111100000111001100010110111100000000000000000000000000000000000000000000000000000000000000000000000000000000
00010010001100000001000111100000100100111100011100000000000000000000000000000000000000000000000000000000000000000000000000000000
01100101101111001110001000011011110000001101101000000000000000000000000000000000000000000000000000000000000000000000000000000000
10001000000011001010000010011111010100010010001100000000000000000000000000000000000000000000000000000000000000000000000000000000
01100000000100011101101101010100010110101001100000000000000000000000000000000000000000000000000000000000000000000000000000000000
11100010010011010010101111000100100111011010111000000000000000000000000000000000000000000000000000000000000000000000000000000000
11010111010000001010010010000010000000011001100000000000000000000000000000000000000000000000000000000000000000000000000000000000
11010001101100000110011011011101101010100001100000000000000000000000000000000000000000000000000000000000000000000000000000000000
01000110001010010000001011000111100111010000100000000000000000000000000000000000000000000000000000000000000000000000000000000000
11100001110110101101110011000001100110111101000000000000000000000000000000000000000000000000000000000000000000000000000000000000
10010100010100001100010001001110001001010001010100000000000000000000000000000000000000000000000000000000000000000000000000000000
01010001100011011000010100011011011111100010110100000000000000000000000000000000000000000000000000000000000000000000000000000000
01010100111001100011000000010101110011101101110100000000000000000000000000000000000000000000000000000000000000000000000000000000
00100101000001010101001100001000000110000111011100000000000000000000000000000000000000000000000000000000000000000000000000000000
11100110011011011111000100011100011110011010111000000000000000000000000000000000000000000000000000000000000000000000000000000000
01000011001111111100100111010111101110100001000000000000000000000000000000000000000000000000000000000000000000000000000000000000
10110010010110001111001110010010111001001010000100000000000000000000000000000000000000000000000000000000000000000000000000000000
10010011110001011110011011000000000000000000000000000000000000000000000000000000000000000000000000000000000000000000000000000000
