00000100000000010001100111000111111101110111000010010001101001110001111011010101010001110010010001010010010110010111000100101001
00011100001111101111001000000001111000111001000010101101111111100101100111001010100000000111011100010001101011011100011011011000
01101101010110101100010011100001110100011011010010100011011110110000111111001001101000000110101011011101001100010110011110111000
00110100110001011111010001000110001000110010011011100001010110100001111101010100101101010011010111110001000010000010110010111011
01000010011001000101010001111011100100111110010111011101010001100100000100111010010011100000011011000001110011001100010110010010
00000110010110111101010101101011111110111101010001000011100110110001101100111111011110100110100111011001000010000101001011010111
00000011010111000110000110101010011010110001010111001100110010001001011100101111001110110000001001101110001001001111110011110110
01100011100000010001010010110101100000001011010000100111110010010000110111001110111001110110111100000110100011010111111110110011
00101101101110010001000001010010001011010000000100001010000001100000001111000111010001000111011100001000100001010001001001101001
01110000110010000111110001100001111010110001010011111011111001110101110011000111100111110110111101000010110010011100110010110111
01010111100001010111110110010011110110101011011101111110001001110100010001010000100000100110100111010010111011000010110110001001
00011110110001111100000010110100101000001001000001011101010110110010000010001010001011000011001111111100010101001111011110011010
00100000001110100011010100111010011100001010000011101111011010101101100110111001011100100010010101010001101110010111010110000101
00110001111010000011100000000110110010101000010101000001111000011101110101110110100101000000010011011100000110010000110010011010
00111010111111010100010111011101010011000101001110010100000011101000100100110011000011010011110011111010001101010011101110011111
00001001101011110011000011010010011110000001001000111001110111110101010100000111111100100101111101011000000111000011101110010100
01010100010101010101100001100101100000000100000011101101111001101000000101101010100110000100111110100110111101010111111110101100
01110010001111000100010000111000010011101000011110001011000100001001111010101101101111010010000110101110010101000110110011011000
01111000011111111001100000010100101010000100001011100110111110101101100110110100010001010101111001100111101101010101111001110100
00010010101001101011000000010100101000100111000000000101000111111000000011011010111110000110000101100000100111001110101111111010
00101000100001010010000111101110111001001100000101001110010011001001010001010110100100110101001000100000110111011011011001100101
00000001100000100110110011011000100000001001001101100101000111110001011101011011010110010100010000111011110000000101110010001010
10000000001011000101000010011000000011111100010111111010100011010000110011010011111011110111100001111110001001011000010001111011
00111001001100011001000110101101010010110100010100010110010101010101111000110100100011100100011101011111001010010001011111000110
01100001000000110001000100101000010001100110011010001111000001000000110010001010111100100010111010011111001100011000011100000011
01010100011110000101100011011101011010000011001100101000100111010001111011000110110000110000011011010111001011010101001001011101
01100001110010011111000101111101101011001100001010100110010010100101101010100010100001000001001001100000101001000001010111110001
01010100110101011011100111101101011001111001010001000010100011111101101010101001101011110101001011000110001100001001100101010011
00110100111110011000000000100010000010010010010000010010101110000001100101011100110101110110011110111000101000001010011101010011
01000011000011000001001000000101111100111100001100110000110111011001111010101001010111100011111111101010010010010011101011001100
00100010001011011011010101111000000000101010010111000010001010111000100111010001001110110001001101001110011011010101010101100001
00100000110111100011010101101011001000001010010011001010101010101101001011011110110011110000000000011111001100000111100101001111
00111100000111010000011000001001000100101111010111000011101000110000010010101110111010100101111001011101010111001101000010001110
01101101101001100110110111001110100001010011011101010100110001000101010111111011011001010100110110011001000010010011100101101001
01111110010110101011100110110100111010000001010111100100000000101001101010011110111011110001000010101001010001000101001011101011
00001100011001011110100101011100001110110010010001101111110111001001110100101001101110110000000011101100001000000011010011011111
01001011110000010111110101111010010010110101010011010001010100110101111011111001011001000001100011001010100111010010010100110111
00111001010011110100100010011011100011010000011110111000001111010001101001000101110101100011001100100000110101001011001001011010
01000110010101111100010000011100110110000100010001011111000100110101010011011000110010010010111101100001001000001111101100001010
00111100010000010110110111010011110111101111011000110110010011111100010100110100010001000001011100001100011101001101000001010000
00010100100100001011011000000001111010011000011101011011011010100101001001001001000111110111110000100001101101010000001000101000
00001101111010001110000111010110011000100101001111001000110011010001010010010000010000010011101110001111000111011110110100110011
00000000101011111001000101101110000000001011010011101001001111011000110011011011101001100101011010110101110110011111000110001010
00111100011110001111000111011100101010001001000110101110010011000100010100001000001101110001011111101011010010011010101010001111
00101101100011001101110101010000000110101100011101110101001001101001100110001011011111110010100111011011011011001111011110111000
00100100001100100001110111110001011100001011000100001101000010001000111110111001001010110110100011101000010011000101011110000101
00000001010001010101010110001000111010010110010010000001000010010001001111011011011000110011010101001110010010011101011011100110
00100000110101011010010011110001000111010100010001000100010111101001001111101100110001110111101011000101110001000000011001110101
01010101000111111110100111110111111010100100000011110111001101000001111000001110001000010010010110001011001011011101011110110100
00111000111010110101110000101110011011001110000110001101100101001000110000001110000110000110000000010110101010010111111010011110
01001001101011101000010110001010011110111010001110100010010111110101111010111100110000010001111001010010101010000110110101111011
01010011010010100000000011100111001001001100000100111001000110100010000010111001110000100101111010101000011011000110000011000011
00010001010101011011100100001110111001111100000110100100110001100001111010001101110110110010101010111100011000100000000111110000
01101000110011111110000000010010011011100010000001000100011011101101001110001110010111010101100011001010010111010000111011110110
01000000111010001110110110001011100010011111010101001010101111100001000011100000111010000100010010101100010101010111110111000000
01100110011010110111100000101000111101101010000110010101100011110100101001110101011001010011010001101101100101000101100110100000
01011011010011011001000111011101011111011101000011001110110010010000011001000010001011010001001111100001101101000101111100110110
00000011110000000111000111100010100000010101010100111011011011001000000111100000000011010011111010001110011000000011110100010000
00100000011001000101010110000000001100010111001000100001100011011001101001001010101011000110011100101010110111011000010010000000
01011111001010010011110001011010111011000001011000011000111001010000100010111111101000011000001001100000010111010111110011100011
01000001111110101100011000000100011101000010010111000110010101000000100000101100001111001000000011000000011101000101100010110011
01101000011000001011010010011010101001101001001110100110001111010100100010100110111100100011011010110001010011001111101101001101
01001010110100110110000100101001111100100010001101100011010111011101100100111011000010100000110111011011111100000000111110100100
01111111110010101100010010110101011101000001011111111101010111010000000111001111001000100111000001110001001100010111011000000110
01010001001111010011010010111110010100011101011110101010000010001000111100011011000000011000001011101110101000011001010010100110
00101000000000000001100011110000000111100011011101100111000011111101101011000011101100110001110010110010001101100000011111010111
01100000001010000011010100011001011100111000011001101111110111010101010111110000111001100111111110101100001101010101111100100100
00101000101000100110010111111001111000111011010100011000001100001000100011010110111000000110000110001111100010001100000111110010
00110000001110110010100101011001000000100001010110000010000001110000011000011111111000100010000100010111001011010110110101100000
00000010110011010010000111110110101001101100010010000011100001000000011010100111001101100010100001111101101010001110100011010010
00001101000010000010000000010011010000100101001001011111100111111100001010111111111001110100001011000111110011011111101101111100
00110011101110000001010111111100000001010100001110110010001111100001011010101110010011010110100111000110110000001010010110011111
01111010110011101001111000000100101000001000001110011110000101110101001100010011011110000010000110011100111001011101111110100110
01101010000100000010010100001001100100001111010110000001111100111001000111110100000101100010110011110101010111001000001001100010
00001011000101111101100011010010110001111010011000001010010100011000110110001000101010110000000000111111110111011100010110111011
01000000101100000000110001001011001101111011010101100001000001000101110001101010110110000111000110001011111001001011110100001101
00001110011010101000110100111010001001001101010010101011101001001001011100110011111110010010001111111001010000000111101000110101
00010101000010000001100111110000011011011000011001001011011110000101111011001100100111100100111100110000111011010011111101001100
00000001110010010111100011001101101100100010011100110000000101010001011001010011000111010110011000111000011111010101001010010110
01001110000000010010110100000010111001100100010001110100111010000100001101011101011110010101000101010000110100011001001111000010
01000010001010000010110001011011111111011000010001000001100111101100111000000000101100100011010010110011010001011101011010100110
01110100000100101001010010011101000110000101010111001101100110010100100000011000001000000110110001000001100100011110111101111110
00011100001001000101000100010111110000001101010110011011001010101001101001110100000001010101111010001011001100010011001001110000
01010011100110111010100001110101000000010101000111011011010110001101100001011010001101000111000000100100101111010001000011000000
01101001010011111100010111001000101111110010011110110000001010001000010110110101100011100011011100000011110011100000101010000010
01101001101001110010110001111001000111111100001001010110001001001000110000011000101001000010011111110100001001001000010011100110
00010101101101000001010010101110101110100110011111100010100100101100011001001100100001010100001010001110000101001000011001110000
01001100001101001110010101110001010000101010011110001101000101100101001000011110001111110001100101100000000010001001110010101111
00101000010000100101110101000001111101110110000111111111100100101101000110011010100000010110011101101110110001010001011111110001
01001000010010101010110010111000010001110100001000010001101111001110000000011011011101100110011100001110100101010100100001100011
00001011010111110011010011010011111001011000000100000101110110010000110011001101000000000011111111111000111100001011000111010001
00010000110100101000110101010101000110111101011001001100111001001000101010100100101001000010000100010111100011010101110100011111
00111111011000000110000101101110101010100110010101111010101000001000001111100011100010110000101100110001111101011010101011100010
00001110010011110110000100010000010011100101000100101000100101011001001001110010110101000100001001110110100100000110011101000111
01110000000111111110100011000101001100101101000110000100110010100001110101000111000010000101001101000011101100001101110111100000
00010010110011011001100111100111010110000100000111001011000100001100000100000010001111010000010100010101110110010101101001001110
00101001110000110100000011110110101010000100010011111001001000001000110010100001110100110000111000101001111110010001000010011101
01110111111000110101010101011000011000001101011010001111001110001101000111010001101000000101100100100010111010001100101101010110
01100001001101000100100110011111101101111100001100000110001000110100101011110110110101010011000001000101110100011011011010010101
00101010111001100101100010011110101011111100000001001111001010010000100010110111111001100101011011101001011011010000101001001111
01100000011110001110110011000101001110010001000000101001010111001001010000111000100111010111001111100000001011000101000001110001
00110011101110101100000110101110100010101011000001110010000111110100001111101011011100000100011001111011000111011100011000000111
10000001101011110001000100110101101000011011010100101111001110111101011100001010010101110101001001101000100111011101100011111001
01110111000001000001000000001110101111111110001010110010110110111101010010100011000000010001110000100111111110010010111101111000
00110110000001111110110111111000101110001011010111100110111011001000010011011101001110110010111010100010011011011101011100100011
00101010001110010011100011101101101010011001011010110111001101010000111001011001001101000000010101011111001100001111111110000001
00100111111000111111010011111000011110001101001011110100011000011101011101110110010010100110001001110110011001010001001100000111
00101010011110101001100010111111000110000001000111001100110111011001111101100110000001100110110111100001010100010010101100100100
00101100010100100010010001100010011110001010010100111001100111100000001010101000000110100110110101101111100001011010110111101110
01011110111000101111100100010010110110110001011110110111011000101100100101011010011010100111100000110000001110010011100100011010
01101100011000010101110100100100100001010100000101001100101011111101110111001111101111110111001000000011010001100000000001110100
00010101101010000101110001111110101100011110011000111101110010101000010111000100101110110010000000011011011110010101011001000100
00000000101100010010100011101001000111111111010010100011001110111100110000000011110111110111100100100011111100010111000110101100
01101001011011001001100001000001101100111001010101110101001101111100001001101111110101110100010101100000101000010111101000001000
01010001111100011101100100110110001011000111011000000100111110011000011111110001100110110110100111101011011000001010101010010011
00100100101101111000010011110100000111001000011100010111110100011001001111100100011001100101101001001110000100000111000011110010
00011001100001011111110110001110110111010110011000000110111011001001100001001000100011100000101000111110101101011100101011110001
01010011100000010000000100011000010010110111010100000101010110100101001111101011101101000000010100111001100110011000100100001111
10000000101110110101100111111010110110101101001101111101000001110100000111111101000111100011101010000000000110011101110100011100
00010110100101101000000010001010100011010010010011111010110111111100101011101100000010101000000000000101001000011010111111011111
00010110110010101100110000001010011111010001011010100110111001111100010011000010000101111000000111110001010000001001000100011100
01101111101101011111000110001000000000000101000101111110001011000000010011011110101001010101000011001110100010010011100001010100
01111100101011011101000100001000000000001101011000000010101011101100010100110001010000000100101110110100001001001100110111101110
10000010011000010110100111001010111111010111000011001111101110111101000000011110000010110000100100011000011101011001100001001000
01011011110010010001010101100100101111011110001100010100000010000100000011110111010111100110111110110011011001011010010100110111
00111101010100010110010111001001001001111010010001000101111111010101100001101001011110110011010000110101000010011010100000011110
00000101000100111111100111011010010111010100011100011010100111000000000010011010001110000001001100110011001011000110100010011011
00011101011000011100110100110001100010101110000101000111101001101101110110100110111010000110011111001111101010000110011001101010
00111011000010001011110011110101011000001010010101000011101111100101110100011001101100000110111001001010010111000000000000000110
00101010011100100011110001110000101011010110011111010001101111010000011011111010000110110011110111101110001110000010110111101110
00001101100011100001100011100010101000011001000111110000100110111100011100101011100001110100000111000110100100010110100011100001
01010101010011110011010010010001100101011100010010111011100010000101010010010100010111110111001111000101110011010111110100001001
00001101110010001001010000101001011010001101011010111011100010101110000001011111100110000000111100001000001011001110111011111110
01111000011111000010010100100001001000000101001000010100001000100101110111101011010011000000101001110001101001000010111110001101
00100111100000101000000001100100110110100111000100000100111110111101101011110011101011010100101110100010111001011101001110110100
01011111000000001001000000010011101011010011001000011010001010010000110100011101101011110111101110000000011110010110100110110011
00110011001100011100100100000100000101111101011110101000100011001101001010100011110110000010111001011100100010011001100000100000
00110101001110101111110110101000001000001010001110111101000110101001010101110101101010010110011100101101001101011111011111010000
00110010000101010110100010100101110000010101011011100000011110111100110100100110100010000000011101000010100110000001110000111001
01111101011100011011110111101011000101011000011101110000001010110001100001011101111001100110010010100001010000000101100111110010
01100110111100101100010000001100100111011101000010101110001010001100001000000001010110110110000100100001000101001011100001010101
01000011100101001100110111111010001001111001011100000001010011110101101011100001011001100010010000010000010111001110101100110000
00110111010011110110010001101000010110100010011110000001000001101000100001000011101010010001010110110100101010010101100001000101
01000010100111111101000100100110100011101011011100001111001110001101000111101001110110010110100100000110110100000101011001101100
01101001101000011011000110000101000010000000011010000110110111011100101010010100011111110100111111011000111101001001110110001101
00111111100000000011000110010111010100100110001011010011010010110001101011000010101010110110001010001010010110010110010010110010
00000111110011001111100101010010110010011010011101110001011101100001010011010010101111100001001100000100010101000110000000100101
00100111000001110100000011101100110000000110011001001001010101101101010101011001001110010011100010101100100110000001010100001110
01111101011110100111010010101011100011001010010111000100111100010000101100110111100000111000000000001101001001001010111000010100
00010101001111111000110111111111000011000101010000100011111110110101110111101010111011100001010110110011101100000101001110101101
00010110010101110111000000110011110100101110001101111011010101000100011101000000111011000000011100000110111100000110111100100010
01011001000001001011110100011010100100001110010110011110010011000100110000010010101101010000000100111111110100001100110001001010
00000101111110111001101000001010001001110111000010110110111100100100100111111110101100010001101101110011101011000101010110000111
00000101100111111000110110000101001100000100001101101011101101111101001110000110100010100011001100101000010101001101010101101010
00010101011000110101010110000101101101110000001100100001111101111101111101001000000001100100101000100101100010001010101001010011
00010001010110000011000110100110001110010001011111001110110010000000110011000010110100000100110110111110010100011110001110000110
00110100001111100110100010100000100110011010001100011000110110100101000001111100011110100000010011010011011000000011100101111000
01110101010010000000110111000001111111010000011011100010110111001000000001010011101111010001011000101100101101001111001100000110
00110101001011100011110100110000101000001110010111110011011010110100011100010001100101110111111110111100101011010100000010000110
01110101110001100001110010010000110000101110000010001110101010000100000000101001011000110111100111010011110101010110110101100111
01001001000110101101000100110110110010101001010111011001010010001101111111010011111100110001110111101001111000001011010011110001
00110100101010101101110001001001000101001000000111001110001001100001101100111101101101100011010011000000001010011101100110001011
01111000011000111110000100100011100010001000100000001111000101100101110111001110010101110010000001100101011111010001110110110001
01101001010110001100010100100100010110001010000100001001101010100000111010000010100001100000100111011101011110010001011001110010
01110011101110010111100011011001101100001011011101011001001101111001010011010110011000010000010101110010000011011100101101111010
01100010001011001110000100101001111110101001011101100010001100011100000011101100111101100000100111101110111010010100001001111111
01001100100011110101101000001011010111100111001011000001100000000100100010100111110001000111000000101001000000011110111111101011
01100000100010100100100101101011100010111101010111011110100000100001001111011111010100010101010100010011110001011001011011100110
00101010111011011011100101100111100110100101010011110111110001101100110100011110110111110101010011100101010010010110001001111000
00101000100111110100000010010001100110010001011111011101111010011101111000110010100000110110100111010001010101010011011010011010
00010010100001110110110101011000101011011110011001011000010110100101111010101000100100100001011101100111101111010001100111010111
00100111000001110110010010110110110001110000000100111011101100010100011111101100001101100010010010001100100000001101000010110100
01000101000111111100010101011110000000011100100000010011011101101001011101100111111010110101000000111011110001010110100000100001
01001001011101110001000010011101000010101010011101011000111111110000010001010000010111100111101001010001010000001001010011011101
00011110110111011011000101001001010111111010100000100100001110001000101110110011110100000110010100110000101100011010101110111111
00001101011100110010100100001011101110000111000000011011001110111101100011101000010001010001101100001111110101011011010101010111
01001000001111010010110100010001010010110111011001011101000001100001100111110000110100110111001101011101101101010000101000011000
00100100011000001111100011011101011110110111000111110001010101000001001010010110100100100111011110101100101001010000111011100100
00000011000001111000110000010110011101001010010111010110101101111100011001010110000010100010101011001100101100001000001111010101
01010010100111111111010000101101110110001110001010010111010111000000111000111110001111110000100111010001001111000000011010010000
01010010001110001010100110110010100011000001001111010011011010101001010010010101011111000011111010110011000000001111101100110000
01001011111100110001010010111110001000100010001100110001111110010100001111010100011000100101110100100100100001001100001111011011
00011011100110001010000110101000100000000001011001100011110111101001101111010110101001110010111010000100110011000111101101000111
00100010001111001011100000011000010011011010001001101001000001011000000000100010110010000011010100100000001000010000110100110011
01011100110110010100110010100100011101111110000001000110111001010000101001011000100100100001110010011010010100001100001111011000
00111011101001101100000101100010000011000100011110001001010001110001111101110001101100000110011100111000110000010011011100010001
01011111111111001011000100001010000101101001001000110111101100101001010101110101001001000001011010010111110001001101001111110110
00101001111111110110110101100011111010110110001010000011101101101100100010111001011000010010011001011100111011001100110100111011
00101000000100110110000111101101000111011001011011111110111111001100110110100111100000100010110011011000110101001000100011101100
00100011010101001110100110011111110100110011100000100000110111110000110010100000000001000001000001111001000101001101001010001000
01111111111100010111110001011001100111100111010100000101110001111100011001101000010011010100101000110110101100000001001010101000
01101111101001000011000100000100100100001011010101001001001101011100100000111110010111000000000011010000101011000111000101001110
00111010100001000100010100011001001111110010001011101110001010101101010000101011000101100011000000100000101011001110100001001000
01111001001110000100010111010100000100010100011010001011100011101100011101110000110001000100001011111101000010010100110011011001
00111101011010011101100101011010101110011011000000101011100011001000011011110100000101110110001011010110111000011010000010110100
00101000110010111001000011011000111000001001000011101110000001000000001010101100000101100011111101000110111110000000111111011010
01101000101010110110010011111101110110111110100000101010011000101001000100100001011100110110001010111011000011010111101110001011
00000010010011111001110100110001100001101011000110000010011000000101100111001000100100010000110101000011100100010100100111001001
00100011010011010111000000110110010101100110011010110110100101010000100100101001111010101000000000101011101110010010100001001001
01100101001110001001110111000000000000010001010100100110101100001001111000111000111010100011000010001011011000000110100101111100
00110011111001001100010110011110010010001111001011011110100101110101101000000010011100000101100000011101010101001110110001110001
01100101111000111100100011011101010000100101001000001110110001011001100111000011101000100010101100011100110000011001010101101000
00110100000011011110010111111110011111010110010011100110000000010001001000110100101010010100110001001000001100000111111111010101
01110100110000001001100110111000010111000101000010000000100110001101101110010001100101000011010011100000001011011100010111110011
00010001101101000001110110001010011001101101001010000010000101000100011100110100101101010101010010011110011000000100101001101010
00011000001110111010110100010000001100001100000101011111110101101101010110011100111001010111011011111100010110010100001100101010
00010001101011010111000010011011011110101010001111001110000010000101110011110101010100110001110000011001010000001010000111010101
01101000011011101011110000000111010011010010000111010111100110001000011010110001100100000100010000011011100110010011000011011100
00011101101101111000000110000111110000101111011111010100011101010101101111000100001111110111101100111001111011000110100000000000
00001000000110000000000011100001101010101011010010001110010000001101111110111101001101110111010000111101101111010110110001000010
00010111101110100011110101111000110100110111000001010001001000100001101101001110000011000110001011101110100001001110000101000001
01101011000000101010110101100101000110100111000111110111001111111101000000000010011110010100101100110100011000011000100110011110
01001101110011110000010100000001110110000111010000110001010000001000110011111011100110010011010100010110111111001000010000011001
01011010000001010111100110001110100110010110010110110001101001110001011111001001011111100000101101010100111111011101000000110010
01011001101000101101010101011100101010000001010111011001011001101001010110100110001010000010000110010100000111001001001111010101
00100100110110100110100111100010100110111110010100001011010111100100010101001110000011010001101101110100100011011011010011000000
01011110100111001000000100001010100100101111011000111100010100000001111111011001001001010010100110100111011011011110001110000000
00101011110000110011100010111101110001011001000011010010101100010001010000101001111010010100100101100000101011000011001000110111
01011011111010100110100100011100101101100000000011011000000010101101010110010000100011000000111100001010010001010010100010100101
00110111110101001101100111011011010010001111010011101011100000111001000011011001000001010000000101100000010100001011110011101000
01001110110100101110000101110001111111000011000011110001001100101001011000100110010001100010010001110000000100001011010110100110
00010111110110001111010010111100111010101000011011101010100100110100101000101100110000110101101010110101100110011101000100011001
00001101111010111001100010111010110011100010001111010000010110101000000001110000010000000111101100101011001000000111000101111000
01001000110110010011010011001110010000101001001110011110010000000101100011001010001100110000101010110001110101000000101001001101
00010101111100010101010001010101010101001001001000000110010010101101100101111000100100000001010000000000100001010011101010101111
01100001011011001001000100101010011101010101010000110101001110111001010111110101000101110011100100000011001110100000101011001110
01100001001010100101010000110001010111001110010000100110110000111001011001010000110000010101000110111100111100000011011101000001
01010000111011100111100001100110111011011110011010110011101100110100000111100010101000000011101011101010001111011010101000011111
01011001111010010111010100101010110111011100000110100000011001100001000011010011111000010000110010011111110011011010010100001000
01011101010001000011000101101111101110010101000010010100001111100000010111010100110010000110111100110100000111011010011111111101
00101110110000100101110111001011001011011001001111100101010001101100010111001011011001100010000011100010101010001111001001101010
01010000101111011000100100100001010011010111011010000101001010010100001000100001001011000110110000100001000110000110000110110100
01101000110110110101100001101010000111100111011000001011011111011010000001111100110100010001110010001001000100000111000110010100
00000110001011100100110011110010011110001001000110010100111111011001111000111100110101100100000110010000000010000000101101000010
00010101101101101000000111011110111010111011001001110010010001000101010100100111111101010000101110100011011110010011101101000101
00000100010000101011010101100111001100011111001000111101111111011000010001110001110000100100100000100000100110000010100110100110
01100010110110111110100000100111001001000011010110001110100101101101100111010011010111100111101100100100110100001001001001110000
01001010100110010011000100111100100100111000000000111000000001110100110101101111101010110010111000101010110000000100100011101100
00101110100110001110110001110111101000101001001001101110110101000000011111100010000100110111011101100100010011010111001001000011
00110001000000110110010100000110000000101010011101011011001000000100010101100011100000010011100001111110000101001011001010011100
01000100000011111111000001101110111011100100010001100001010001111001111100100010101100000011111110010010011101001011110010100110
01010000101010010111100100101110101111110010001001001011011010011101100010101000011101100000101010011001111100010010101011000100
00001000111011011111000101110101011001011110011000001111000001111001110000001011111100110101110111001001011011001110111111101110
01000001001011101000100101111011111010111011001010101101110100000000110111001010100010010110101100100001111110010001001100011010
00100000010101001001100000001000100111010101001110000000100111100000001010000000100001010000100011010111011111011110011001100110
00011111101010110011010111011110001100101100000101000100011000100000111010101100000000100100011101010000111010001010101111000010
00111101001101011000000111010100100000000000000110100110010010000101111011000001011111110000101001001110100011001010100101100001
00111110011101000101100100011111111100111101000110110000111010111000010001000000010100000010100001001010011101000101001101111000
00011011010110101010110011101111110000110010011000011011010000011100000101011000001011010010000101001010000100000111110000110000
00110111000011110110110110110010011001000000000101101100101011101100101110010110101010110011011001101110000110000101011000000010
01010011111110110011110111110110110001111010001001001001110101111101000001010001010010000100011011100000001011000000101101011110
00111010010100010010100000101100100110100000010111101000111101110101001011111110010111000001010011110000101111011101000000111100
01011011100011101011000001111011100101010010000101011110010001010101011001111110011000100000100100101110000000010000000101111001
00001010111010100001010100111110101010010110010100100000111011110100010000001001010011000011100010110100010000001011111111110110
00110110101001100111100101010001111001001101010000101010111011101100101000100011000010000000111101111001001001011011000101101010
01000011000000010100010111101110101011101101010100111101010011111000010111110110111011100100011001011100110011011100100011011000
01100011000010010100100000101001100001110000000100001100010111101000111100100111110010000110101100100000001101001011110010011011
01000001001011001110000110001100000011101011000101101010000101001001110011100000101100100101101001101111110011010000000100110100
01010101110010110001000011111101110111000110010100101111111001011101001010010001111010110111001011010110101111001100001110110011
00000000000100100111000100010010011011111110010000101001110101110001111001110011011110110010100100000010011001011011010001011110
01111011110011100011110100010001010001111011000011101110110011001001101110000010110011000011011100000010011111001001000110110001
10000000111000011111110100100111110110110010100000000010010001011100111100000110111100000100000110110110110011010111100101111001
00101101110101101101110001111111100100000101011011010111101100111101001100100011011101010101010010100001010000011011000011000100
01111101110100010101100100011100101110001000011000111110111111100001100001101100011101110111110110011011001110001000010100011111
01010011000101011001110100000010101111100011011011100001110110110101011010101100010111100111000111111010101011011001111110110100
01001111010001010111000101100101100011111000010110001010001101111101111000101011010110000000011111110101111100011010001001011101
00010110010000100000000010001101000100000010010110000000101101011100111011101010110000010100100001001011111001011011101011010111
00101001101010000110000001101111101000100111000010010110001001011001111010001001000111000111100011111001110110010010101111001000
00001111010010001001100010001101110010111111001111100011010101101100010111110110011111010100101111010001110010010110000001111011
00101010001011111000010100101010101010100111010001110000000001011000100101001100101000000001001011001100001000001000100000101101
00111111111100011101110110011000001010010110001110000100101010111101111000011000011111110010000001011010000101010111100100010101
00011100000011110111110101000011001001010011010100111101001000110101000011011010010111100000011001110001001011001111001110011101
00100110010000100000110100110110010110101011010101100101010011001001001010011111011101100110110101101101111010000011010100100111
01100011101101110000110110111111001101100010001001100110101100000100001011100101111010000110001101110011101000010111000000111010
00000100011101000100100010011110001100100001011100001100000011001101010100110100010010110100110100111101010000011111110111101101
01111011100110001110010111100011101111100111010111100101111111000100000111110101110001110001101110101110011101001010100001001010
01110000011110000100000011111101101100100010011110001001001001001100111010110110110101010111000100110100111001010111110001110000
00001000110000100111010000110011001011101100001101000010101010100001110111010110000111010010111001011100000110010110111101011110
00000111011010110001110100100101110000110101100000000010101101011001000001011010111110010000101000001000100101011010011010110000
01100000110110101010010000110100011010001100011001101001011011101101100110011100101101110000000100001000101010001000100100010000
00010000000001110010110110000001000011001100011010101000111011011000010110110110101101010111101001110111001111000110101010100101
01100110001010110001100001110111110011010000010001100110000101010101100010000110010100010110101111001110010101010001001010011110
00010101110010000100010000010111101101111010000110001111110010101000010011110001111101000110101110101000110011011110011011100000
01001010111010000001110110001111000100100101000110011011100111010001110110010111000010000011111110101100011010011010001111010110
00100010010111100001100100000001001011111011000110000111010000101101001000000100011011000111101101110001011011000101111100000010
01001011101011100001110100011110011001000100011101010010101110100100110001001111101111110010100110111000111010010000001000111110
00001001000110101111110111101010110101011111000000000100100001000101001001111110001011010010101100100111100100001111111010100000
01011110111101100001010001001101010110000100001101000101000000010001101110111110110110100001110100011001101011011000101001011101
00110110101110000010000110001010100110010010100000000110100001110101111000010010100001100001111111010011001000010010010001011111
01100010111111001001000111010011111010111000011001101001110111010000000111110100001100111000000100111010111011010001011111011001
00010101000010100000100001000010111111111011000011101011010110100100101000010001100101010101101001001000111000000101000101001010
01111010111110000101110010000111010100010100010101011001001000110001011110100010111101110010101001100010110101011100111110100011
00110101001100011110000001000111100010011110010100111100000110111010000001100110111001110011111110010111110110001101000100001110
00000010001110111011110011110000100100100110001110001101001010010101110011111100011010100010110010111001101111011101010111101101
00001011000111000000100011101101101111110010011101100110110111110000111001100110110100000011001001010100010010011101011101000011
00000110010000010000000011110000011100011010000010100001101110110101011001010101001000000000001110010111010110000111110011011011
01101011001001000001100100101000000000011010000101011100101111101001100111100001110110000110110111000011101110001100100100011000
01111011110100000111110111101010001010101111010111100000011010001001100001011001111101000010110001100011010011001001010110010110
01011100001000111111100100010101101110010110000011101110111101101101110111101001101111000010001111010101111101001001111110000101
00110011011110101100101000000011000001111000011000011111010101110001001101111001001111000100111100001101100010001111111110011111
01011010011000101011000001111111010001001001001000001001010001001000110111110001111000110100001011110010000010011000111000011111
00001100110111000111010101001100011000001000010010101010101110001000100000000011010110100001010111000011101111011111011110100111
00110100010010110100100111001011000111010010001001111110101100110000001110101111100011000000010000000111000100001110100001011111
00111000010011110000100010000111011000010100011010001111101111011000000111110000100000000001001111101010111100000001011011010010
01001000000101111011000000001011011000110010001101101100010011010000111110111000000101010110100000110101101011011001011000001001
01110101000100110000101000000001001010110100010110101000011010001101100110111000101010110000111100100110101000010001100001101101
01101111001011001100000101000111001101100100001100100011000101101100001011111111111001010010110010001000010110011011001111111010
00000100100010100011110010000111010001111100011100000110000101100100101110010111011000110110011000101001000110010110101101101010
00111110000110010101100001010110111011101010000100010111111100011101001110000110111100000001010010110101100111011110101111001001
00100010010010111001100100011100011010100011011000110000011010010000110110101100111011110011101000101001010010001101001001101111
00101010110010111101100101010010111100001001000111011010000111101101010111110111110010110001101111101101011001011000100000111110
00000110010010000001110001000000011100100111010001111101111110010000101010110111101001100001101011110010001011010101010001001001
01000101101010010001000010111000000100001101011010001001110011100101010010011100001000110000101000011000010001001100001001000011
01110100001011110000100011101001000100001111001110001110100101110100000010110100000011010101111001010100010001000101111001001010
00000100110101110011110010110000110101000001001100001000100101111001110101101110000101110001101111011001101010011010101101010111
01000001110011010000000000000000100101110100001001000001100100000100100000010000001110000011111001110110001000000000000101010111
00110000010001011100110001011001001111000001011111110000010100110001000011101101001111010111100001001011100101011101000001101110
01011001011110101110010110001100101101110011000110101100111011010100100000001001010000110110011100101011100100100000000100001100
00000010011100001111100011110001111000110011001011111100010110001000111111111111101110010110010100111000110111000110100100001100
00111011011111001001010100111000010101110000010010001110100111010001010010110110110100000011001001001111100101010101000001100101
01111010101010011101010111111110000010000010011001101010100001011110000010001010110100000110001000000010011111001011100110100010
00000000000101011111010110011101111101100000011111100101000110111000111000110001010011110110100101011010101110001100101001111101
01101111110001000000100111100000011110001111010011100101100111101001110010100000101101100101000001111011110111000000001110110111
01100010101001001110000000101010100111001110011000001100000011000001010110001000110001100100110001011101111001000100110000110000
00001000001001000010010011011010100010100001010011111010110100100101011100100111110000000110000000010110011010010110101100000010
00001011110001100000000000001010011001001100010011011111111000111001101100011001000010100010110100100111010111010111111000000011
01001110101111001100010111101101100011000100001101010011011110010000011011110000110010110000010100110101001011000010100110011101
00101110100101001001100101110100011111100101010100100000010110111101100110011000011001110101100110011001101001011111101000110110
01010010001000100011111000000000100101101100001111111010111011110101001101110110111100111000001001110000110011010111000110101110
00000010100111000100000010111101010101110110011001000010100111110001010100011101110010000001001110100001010100000111001011111000
00000000100100110110110011111101001101100001010100100000010100101000100101110101110110100111001110101010011001010011111101110001
01001001111011000101110010100001000101110110010001000010111111001001000100010010001110110011000010100101111111010001011100010101
01101111010111000011100001101011101010100110100000010101011111101101111001001010101011000100101000000010111100010110011000011000
00010101000000111101100010110101111111010000011000100000011001111001011000001011110011110110100110100011110001001001011001000001
10000001011001010110000101011101101010101000001111110100001010111000001011010011110100100011100010100001101001011000111110011010
01001100111110001010110110001011011111000001010000000111010111011100001111100111100011100001101100111000101000000111010010101110
01111011000011101000010010001111100100100110000101011010010111111001100111111011000001100001111101011010110110100000010100100000
00111110010000111111010100000000100100100110000110000000110000101100011101110010110011110101010000101100101011000000001011100001
01111010010001111001100110110010100100001110010111011100010010000100001000101010101010110111000110111010011101000011010110101111
01000010111000001101100100111111001101110110001010001111001110011000110010110000000010100010010101011100010000000000011100010010
00011011100000100100110011101000000111101011010011101100111011000101011110011011110110110110001101001011000101011011110100000011
01111011100001000001110010101011110111100100001111001000010111110101101011100101000011000000100001011001101001000111010111011001
01101011010000110101000110011001101111000111001101010101010101011000011001001010101001100000101000110001111000000001010001110101
00011100010011010010110000100010110101011100001010100101110110111100101110000101101010010100111010000000011100001100110111111110
01110100110101111001010010010000111101010110000111010100001001100100101101111010000010100011001101111110101010001001010001001111
00010010010110010000100001010000110000011111000001110000000100010000010010110100101110110110000001011100110111010101101110001111
01010100100001101101000011100110011111100001001100100101110000100001111001000011010000010111111101001000000101000011001101100011
00011111110010001000000000001010000011010111000100000001110100111101111101100010011110000010111110100010011010000011010110100001
00011010011101010000010100100000010100100011001111010101111101001001111001000111100111010100100011110001110101011100100110000101
01000010100110110011010001010111101001000000001110111000111110100001100010100101100111000000101111000010100100000000100000101010
01100111101011001001000010010100000010100011000011001001100100101001001110001110111100010001011000000101000101011001100001100110
01001110111110101110010110011000001011101110010101011011111101110001100101000100100000110000001110101100001000001001010110011101
01101110001000010011110110001001111110111011001001111010001000011000001001001010000001101000001001010110011000011110100001000101
01111000011110100011100010110000001011100011001100101101101001010000000011001111110100000110011010110101100100001000111100010100
01100000100101110111000110100011101010111000010001100011101000110101101100110011110011101000000110101100111110000101001100111000
01011110101001111111001000000111100011111010011101001001110111101101111110001010001000110100000100001010000001010100010110111001
10000010001000111000010100111011010001101010000010100001101001101000110101001111011001110100111111110000101011000001100000111101
01000011111110010001000010011011011000111001010110000110011100011100111000110101100110010000010111011011110101010100001101110001
01100101000001011001000111010101100001001000010011011010000101001001001111110100111001100011010011100001110001010011000100000001
00101001010100100111100000111000100000011100011011011001101000011101100111100010000100000101101100000001001010011101111000110011
00011011111000100110000110101100010110101110010011111110100101000110000001101111000001110101001010110001000110001010010001011100
01001001101101011001010010111001010110100111011001110011001101101001111011111101001111110110010111111000001111010010110100011010
00100111001101000101100000111100101110011011011011100001000010011001101101010010000011110000101101010000001101010000001011110000
00000110100000100100000111110100000111010111010101110111011011011000000010111011101100100101011000011101111000001001101010110011
01110011010001111101110000011110010100011001011111011011100000111001001010010011110101010010110110010111000010000111100110011010
00111001111111001011111000000001001111100100011010101111001010100101101111111101111001100010111110110000111101000010111110010010
01111011011111101010000001001100010001110001001010011100111101101100100000011100011001010001011111110001010000010101011100011100
00110111111110110000000001000001001111011110010110111001100001111000110011001000101111100101100010101001111100000110101000111000
01011100001010110110000011100101001000011101011011010110000011100000011001111101010001110011101101010100100010000100100000100001
01101010101111111001000110001011001100101001001011001110101010100001101101010001110100010110000111101101010010000010101110101110
00000100010111111010110011000100001011111110010010000010111111011001011110111010111001000001011101110110010101000100101110011011
00110111010101001111110110001101011000001100010101001110011010000000100001110110101101100111101011110110100000011110000001100101
01010110011110110110100000000111000110100100011011000111111101010000011110010110101010110010000110000100010101000010111111100100
00010111001101110100010100011001011100111110011110111110110110010001111011101110010101010100111001100001110011000101001111010000
00100011100111000101010001010111000011010001000001010000011111011100011011110011101011100010110100100101010010010001110010101001
01001100000001111011000010111101000001001100000111001111001111001001010100100111110110010011100001101100100011000010000111001100
00100111101111000110010010000111101010110101001010001000111011111100000111011110110111010100111010000101001100011000010101100101
01100011011001101111100111000100001000110111000011100000111010110100110111010110010000100001011100101101001110011100101010110000
01010010111101001010110101001010001110001011011101110001100010101101111000100010100100100000101101001110101111011000011011100111
00111001111101111010100101101010000011010100010001110011110000111101110011111100111100000000000101111101100011000101110100001101
01011001100011111100010111101100111001100011001000111011100110101100001111001101100010000011000010101010011100001101110100001101
00010111100000001001110010010110101000001100001010001100001110001001000001001101010101110110011001001101110100011000111111001000
00010001010010011100100000011010100010000001011101111000000001100101000101000011011011010110011100010011100000000001011110000000
01011111111110000000110101101010101101111101100000101111101001000100010100101100011001000000111010010101001011001011101100000000
00001010011111010101010110101001100111001001011010010110000100111100011011001011000100010000110001100000010011011011101000000110
00011110110001010001010101001001001110111000011010001101010100001001101111110010001100001000000010010011000011000100010101001000
00010001110111111000110010110101101000011011000110001111010001100101001110110001101110010010000101010110000000001111101001110000
01000110101111101111110010111010011011110000000110011010110111111000010011010010001000100111111100011110011101010100011011101101
01010100111111000100000101011101011010111110000111001110100111001101111001111000110111100100001010000011110000011101100000000000
00011101111100110101100001111111100100000011010011111000000001001100110111010001111100100110111000110110111011001000101101000100
01111100010100001110010001111010011000000010001101001110011011001000110010001011010110010110111110000001010110011010110001100100
01001000001101001010000011001111000111100010010111101011010011001100000001000010101010110110111111110011100100000110001000110101
00000100000001100111100101110111101110010010000101110000010000010000000010111101101100110101011101001011110001001100110100110111
01011101111000010111010010001010100111000011000010111011010011011101001000011110111101010111101100000111011101010010110010101101
01000001100100101101110100100001100100000100001000001011011111110001111101110000100101010011001101001101000111001100101010011001
00000100010000110101000101100011000000111110000100000011111110101001111000101111010011100010000111011001101101001000101000110100
00100101001011011010010110110001001111010010011001101011111101011000101000101011011101110011001101101010010101000100010111111011
00011111100000111110000100010100011011010011010110000101011100000100011001000100001000110110001100110101100000001000101010110001
00100100101101011111100100001010010010010011001001000111100111001100111101100110110100110111100100111100100100001010111010100001
00001010000111000110100100001101110011001101001001101001000011010000001001110101111111110101001011101100011100001110001100100000
00001000111011001101010111111100110001110000001011010110101011101001100010111000000111010110101111101001000000000111110001111101
00101001010100011001010000101000010100010001000000101101111010110100010000111110001010100000101110111100111100011011100011000011
01100000110111100110010100101110110111001110001101001011010100111100001010110010111011010101110110010010010001000001111000010111
00010111100110110000000101110100101111111010000101111000000001100100010101100011000110100111100001011011100001001011110110001000
01100001101001011011010011011110000111110110001110000011001010110100010101000110101001110000010101100011110101011001100010111000
01001100011101001110000110100011010100100000001111100011100111111100100000100001011000100010010100100010110001010100111011010111
00100010001000110111000100101100011101111100010000110001101110010001111101100111001011110100100110010111000111000101111000100010
00110000110111010001100110001000110100100011000011010011001100011001010100010110011000000110111110000111000000001001001000110100
01110010011100001010100101100001000100010100001101110001110111101101100110110100111111010011000001101111111010010101111100111000
00101001000111001010010110000111001111100010000011001011110110011000110000100100110101000010011011010010100100001100000000100000
00110100011100000011110110001010011000111010000100010111101000101100111100100000001101000111001101001110001011011110111101100111
01110001000111000011100001010110000011011111011011101101111110001100001111000110111100000011001000011001011110100000000110011000
00110100111001110111000110001100110010000111010000000110011111110000101100000100101000000110000000011100010101011111100000100101
00010010101111110110110001101001011010001101000101010101011010001001010010101101100001110101011100100000100110010100101001100110
00001111011011110001100010111111000101111110010100000010011001011100101001110110010000010011101110110101011011000110100000100001
00101001000011101011110000001010000110010010001111101101010001111001110100110100011111010101000001110100101000001100110110100111
00101001000110101111100000111111110101101010001011000110100001000101111101111001100001010111111011110010111110011001100100101011
01011111100110010111000100010111110000110101010010111000001111100100101111101110000011110000110111011111110011011010101010111101
01010110111100011010000001011110010000001001011010010010101000011001000000100001010101110011100100110000100111011100000111001010
00001111100100000100000000000000001101110000000110000100001101001101110111110010011111100111001101101101110000001010110101000111
00110110010011001100100110111000001110010110001010111011010000011001100001111001000110000101100001101001010111000111100010110110
01001000010101100101000001110101100101001010010101101000011101110001000011000000101111110100111111000111111011011100101001111001
01111011000110001010100101001101000100000111001100001110001100010000011011111011010101100000001010001110000101011000011110000000
01001000111110100001110011000000100011000011001111001111111101110000011011100011010010100011110010010001111010011000110000001011
00000100010101111001010110101101111010111111010110111100111111110101101001100110111110010011101010000010111100000010100010101010
00011100011100001000110111011101000110001010011000010101111111100101000000011011011101100110100111001001110110000001001101001011
00000111101010110001010010000011111110101111011000011100001001001101011011000001111100100101001010011001010111010111011001100110
00100111011101100111000011101101101100111011000000000101101101100101001011111110000010000110110000100101101101000001111111100101
00010101011001100100000100111101010001001111001111101100101111011100010010110101110011000010000110010011000111011001010100011001
01111101100011111100110011110000010011011001001101100101111111011100100100011100001011110001100100101011110110001010010100100101
01111111000111001001000000100111010111000100000001110001110001010000010110101110100101110110001010011011011011001001100010001001
01001101101001000110000110101111011110001100000011010101001001010001001110010010001010100100101011111001001001001111101110001000
01001001010110001000101000000100001010100001000111100000101101001000110001101010110001110111010110000110000010001110111010110101
01101001000010101010000101111000100100010000001011100101011001101000011100110000110111000010100110101111011110000011111111101010
01101111010111010100100010100111000010110111001100110010100011101100110011110010110000000000011111001001011101000111100100010001
10000001011010001101110011111111010111001101011001000110111001111001011111000000101010110010011000101100000010001110000100000110
01001101011111001111010011000110011110001000010100111011100010000100010001011100000000100001000101010000100011001011001110101110
01011000000110000110010110001001111001111100000100011000110100000110000010101111000001000100110011011001010000001000100101011011
00011011000110000111100100110011111000111001011000100110001100110101010110000001101001000011101100101011100101001010101101110010
01011110000001001110100011010011001001101001000010110001001001001001100001010111110000100011011010101110000011010010010001101001
01000001000100011101010101000111000110010110010110011001010000100100011001001101010010110010100001000010101110010001111101100000
01111001011100010000000000000111100010110011000001000001110010110101000000001101000010000111011111111100010100010111010000000111
01111110101100111110110110101001000001111111010010001100011101001001011010011111100100010110100001011111000101001110101100001110
00101000100111100010110101000011001100011010001001111010001111011101100001111001001100000110101001111100011001001010101101101101
00011100100101101001010111101101111010001011010100100111111101010100100001011011000110010101111110100000011011001100010111100011
00110100111111011011100001111010010000101001001010110011001011011000000011010011111011100010101100111000010101000110111111111000
01000101010011111011001000001011000001000011000000010000011000001001100110010010011011100001011111101101001000000011001000101011
01001011000111111110010001001110010010100111000111011101001001010000000000000011010100110100011010001111111010000010000101101101
01100001110010111100010010010100011001110111001001010111101001001100010010100010101011110111101110111111011001000000110010011000
01011000001111111100000110101101000111001001011111110001001011011001110101000111111111110001111000001111110001010011001100011000
01100100010011110110010001110010010011100101010001000010100010101001001100010010101010000110000001100000001001010010001001100000
00101101100110111000100110001000000100100110011011001100111100100100000010001110110111100110001001001010111111001001101001011010
01100010110110000001100000000010111101011100001000111100001100011100000000100110111001000101111111111101011010001000010110110110
00111000010011101001110010001100011111010010001000011101101110110100011011110100010001000001100111010001001111011000001110001100
00010000110000111100100101100110100010011100011100111011011111010001000100011011011000110111101101111011101110001011110100010100
00000001001010101010100111101010011110011011011010110010111001101101101111000110100011100110100111110011001110011101100000111101
00001000110011011100000001111000100101111010011011001001001110110101001110100011100101100101100100100110010110011010011010001011
01010010010101101011010010101011001110011101001000111000101111011100111110010011111001100011111101111000010011001011100101000000
00110000001110000100100110001101011100000011001111110011111001001000101010001100011001000011010011000010011110011111101011010100
00111101011111000011110100110101110111011101000000100111111111100101011000001111111000110000100011000100100000011010001010111110
00001000000110001000110010101110101000111000011010101100101100101100100100010100111000000000000000010100111001011011110110101001
01011110001010001101110110010001001001100001011001111001110100011101100100101010010100010000100000001000111010010010001101010111
00011011010000101101110011001110111010000111001000110101010000111100100010111001010100010101001011000011100011011010100010001010
01100011001101010100010000000111111111110101000011010000111010111101011101011100001100000000101011000011011010011100111000100010
01100011000000101001100011011000001000000010100000010101111010000100001000001101100010100011001101001000110100001111101011011000
00011001110001001100100111110111111111101011000011010100001001100101001101101011011010010011001110001110011000001110101110101101
00011000101010111001000001010111100111101001011011010001101001110100011010000100111010000100010000010111010000011100100010101101
01100011000111111111010111011100111101111101010001010000110111100001011001001000001000000001110011001101111100000010111010100110
01101110001110010101100111000011111011101011000110000101100000011101101011000100001010010110111011011011000100011010000001011100
00000000001101000011010011110100101001111100000001101001100101010100101100010001100001010100111110001101010101001101000110100000
01111000000001110010000010010111110100000100000001111010111011111101000111011011001101000011000010111010111010010001100110111100
00111100001111101110000110101010000000100100010000100111000111001000000110110110100011100011100111010111011100000011010100010101
01110011000000011001110100001000110000001011010011101110011110110001101011111011110111100110111000101010110111000111111001011011
01001100001000001110100010001100001011010100010001000011100101010101010011100110101100110010111110011000110010001111010000101010
00110111010001010001010010001101110000110100010101100110010101001001001111110110110001100001100111100100100101000001110111100000
00000000111100000000110101110011110000111110001110011010110111110001101010001100010101000000011100010110010111001101011110011010
01111010111000010001000111000111000011110000011101011100010000001110000010000011111100110000111001010101000000001110111111111000
00100100001111100011000001001110111011000100011011100100000011110001110010010100101010100001100010000000001100001001001011101111
00000100001000111101000111001110111111111010001101001010000110101100110101011000101110010010101100001110010110000011011010111110
01001001101111010000000010001001010000011001010011101101100001100100100100100111101001000111000001000000010001001001101100000110
01101000110110100010000011011010101011011101011001001010100000000010000010110111001011110011011110000000101100001101100101000101
00110001101101011001000110111111110101010110001011011010001101111001101111101011011000000101101110110111000000001001101101100100
00101111011101001111010101100110110110001011001101000100100010111001000011000100011010010000100001010110011101010011111110111000
01010001111010011011110011101010111011101010010110010010011100010100011011010000110100110001110110001000100100010000011101000001
00001111100010100101110011101001111110001110010111001010011100100100110000001101011011110001100001010101001100001111101101001011
00010110101101000001010010011000111010111101011111010111111110011001110000100110110100100001100001110001110111010110001001011101
01100010110101011001110010110110000100000010001011100110010010001001111100001001001100000000011111100000111000010100000111001000
01011111110100101110010001101110110011110111001000010011101100101101010100010111001011110101000011010000001001000110100000101110
00110111000110000011010110111101000100011110001111010000101001000100111011100111001100010000101000101001101101001100011001011010
00011100101000110110110000011101010010011010001000011101110011110000001010011111011100100100111110101100001100001000110101001100
01011010000110111000010001011100111111101001011010111101100100111000111110110000000010110010010110001110100010010011001010100111
00100101110001000000100110010001011011110001000101010110001010000000110000110110110001000011000110100001101000011011100001011100
01010001011011011010100100011001000010010010010001111111110101101000100001100110110101000111111110010000000011100000101010100111
01011011101010100101000111101000101110100101001010110101111011101100100100100101000011100001110000101010110110010101001000110001
01010111001001011111000100101101001010111100011001111100010111011001100001010011011001100000100001000100111110000010100100101011
01100101000101000101010000011100011000011110001000110001000010110100110011010101001111100111110101010001100011011101000001110110
00110000011010111010010000010100000001101011011101000001011010111000100011101000111101000010111011011100001001010111110101110111
01111110011000101110100100000010000111001100001101000001001111110001000110000000011011100101111000101111101110010010011011101100
01000011101110001101010100111101000010110111001111111101010101010101111110000111111101010000110100100001100111001011101101110111
00100011100010010110000110000000001100111100001001011001101010011001011101101010100011010001110000010110001001011101000000010101
01111000110111110100110101101101010100111110010001010001010101000001001110111111111001100000000011010011001111011111010010011000
00100000001011100011100101001000010110111011011101111001100101110000011001001010010000000111000110111001111001000010110001100101
00111010100110100101100111101101001010000101000011111100110111111000010011101110010010010000111111011101011100001100110011110101
01011111011010110101110100010111100110101011001111100110000110101100001011111100110110100111001111011110110111011100100101101110
00100010110000010100010011001000110110111111001000110000111011111000010011111101010110000100101111000000010100010000000111111101
00011111110000110100000100101001000101110101010000111011111000111110000000100011011100100010011000111111000000001001100010111101
00100111001010111100110001110011110111011101011011100100011000010000011001001000101110010001010111111110000001001111101100001000
00011100010000110000110010010100111101101001010100011001011101011001111100001110100010000111111000010010101101001001010010011110
00110001010100010010110001111001010000111011011101111100110011110001001101000010101110010000010110101001000110000101001110011001
01000000110101001111000110010111001111100110001010010000110110110000011000000111101011110100001111010101011011001110001100010000
01111010010000100100100011100001111000111010000100010100010111010000001011111010100100000001101111010001111011011110000001110000
00000111000011110100110110001011010011011000001001101011000110001101011110101010011001010000011110100110110100011110011110000101
