10000010000000101000100011011110111110110010100000000000000000000000000000000000000000000000000000000000000000000000000000000000
01110100101010000011000001000010001011100110100100000000000000000000000000000000000000000000000000000000000000000000000000000000
11110001110100101100010101010000100010011011111100000000000000000000000000000000000000000000000000000000000000000000000000000000
11110110010010101011000000010100011010101011000000000000000000000000000000000000000000000000000000000000000000000000000000000000
01010101110110111110010010011001101011100011100000000000000000000000000000000000000000000000000000000000000000000000000000000000
01110110011000000100011110010110111101000000100000000000000000000000000000000000000000000000000000000000000000000000000000000000
11000011100010110110000110011000110011100010101100000000000000000000000000000000000000000000000000000000000000000000000000000000
11010101000011000100111100011000000011101010101000000000000000000000000000000000000000000000000000000000000000000000000000000000
00000011110100010101010000001000111001000010010000000000000000000000000000000000000000000000000000000000000000000000000000000000
11010000011110110001110110010010000110000110010100000000000000000000000000000000000000000000000000000000000000000000000000000000
11110011000011100101000000011000101100110110110100000000000000000000000000000000000000000000000000000000000000000000000000000000
10110010011110100110111101000010100001110010100000000000000000000000000000000000000000000000000000000000000000000000000000000000
01010010001011101110111111010111110111001010001100000000000000000000000000000000000000000000000000000000000000000000000000000000
01100011001110111001000100001111110100001100011000000000000000000000000000000000000000000000000000000000000000000000000000000000
11110100001001110100101111000001001001100100000100000000000000000000000000000000000000000000000000000000000000000000000000000000
11010111110111111010010000010100101001000001001000000000000000000000000000000000000000000000000000000000000000000000000000000000
11100111101111100011011101000111011110011110011000000000000000000000000000000000000000000000000000000000000000000000000000000000
01010011011110110000111111001010111101010111111100000000000000000000000000000000000000000000000000000000000000000000000000000000
00000000100011001101010110001001110101000110011100000000000000000000000000000000000000000000000000000000000000000000000000000000
00010011110010111001101001001100011000111001000100000000000000000000000000000000000000000000000000000000000000000000000000000000
10110001111010100000001010010111010011011111100100000000000000000000000000000000000000000000000000000000000000000000000000000000
11010110101110111100010010001010001110000001101000000000000000000000000000000000000000000000000000000000000000000000000000000000
11110111101110101001100001011001100101100010000000000000000000000000000000000000000000000000000000000000000000000000000000000000
10100001001110110111011101010010111110001110111000000000000000000000000000000000000000000000000000000000000000000000000000000000
00000110011101001000000100001000110010100100001000000000000000000000000000000000000000000000000000000000000000000000000000000000
10010101010101110111111001001000000010011001010000000000000000000000000000000000000000000000000000000000000000000000000000000000
01010101110011000000111110011011000100011111011000000000000000000000000000000000000000000000000000000000000000000000000000000000
00100100100001111101101101011100110111000110010000000000000000000000000000000000000000000000000000000000000000000000000000000000
01100100100001000000010001001100010001001000110000000000000000000000000000000000000000000000000000000000000000000000000000000000
11010010100101000101110000010100111000011011111000000000000000000000000000000000000000000000000000000000000000000000000000000000
11010001001100000110100101010100010100011001011100000000000000000000000000000000000000000000000000000000000000000000000000000000
10110100110001010000011110000110100010000111001100000000000000000000000000000000000000000000000000000000000000000000000000000000
00100110000010101011100010001110010011111011101100000000000000000000000000000000000000000000000000000000000000000000000000000000
00000000111100111100000001011111101101100000011100000000000000000000000000000000000000000000000000000000000000000000000000000000
11110110111101000000110111010111101011110110111100000000000000000000000000000000000000000000000000000000000000000000000000000000
10000001000100111000001011000010000001101011011100000000000000000000000000000000000000000000000000000000000000000000000000000000
11110010011000001010111101100000100000101111100000000000000000000000000000000000000000000000000000000000000000000000000000000000
10010101111110001011000111010010111011011011011000000000000000000000000000000000000000000000000000000000000000000000000000000000
01100101111111110000100111001101101101101100000100000000000000000000000000000000000000000000000000000000000000000000000000000000
11110100000011001011110000000011111111101001010000000000000000000000000000000000000000000000000000000000000000000000000000000000
10010001100001111011010111010001101011110100001100000000000000000000000000000000000000000000000000000000000000000000000000000000
11000101110100000111110111000010101111010011001100000000000000000000000000000000000000000000000000000000000000000000000000000000
01100100010111010001111111100000101100011110111000000000000000000000000000000000000000000000000000000000000000000000000000000000
01000001001000000000010000000101001100001010010100000000000000000000000000000000000000000000000000000000000000000000000000000000
00110000101110111101111110000111111101101111111000000000000000000000000000000000000000000000000000000000000000000000000000000000
11100110110100010100010010011010100101000001011100000000000000000000000000000000000000000000000000000000000000000000000000000000
00100000010011111100010000011010010011011100100100000000000000000000000000000000000000000000000000000000000000000000000000000000
10100100110011110011111001000111111111100101010100000000000000000000000000000000000000000000000000000000000000000000000000000000
11001000000011111100000110000111111100011010101000000000000000000000000000000000000000000000000000000000000000000000000000000000
11000100111101000001110100011001111011100100010000000000000000000000000000000000000000000000000000000000000000000000000000000000
01000001111010110010011010001001001101001100010000000000000000000000000000000000000000000000000000000000000000000000000000000000
00000101011101010011000011011110101110001101100000000000000000000000000000000000000000000000000000000000000000000000000000000000
00100011010110000100011110010001010111111110110000000000000000000000000000000000000000000000000000000000000000000000000000000000
10010001111110011111111000010100101100001110100100000000000000000000000000000000000000000000000000000000000000000000000000000000
01000101100000101101011110001100001010010100111000000000000000000000000000000000000000000000000000000000000000000000000000000000
11100110010011010110000001011110100010111000101100000000000000000000000000000000000000000000000000000000000000000000000000000000
00000000100001011101100000100000011101000101000100000000000000000000000000000000000000000000000000000000000000000000000000000000
01110010100101011001011111011100100011100000100100000000000000000000000000000000000000000000000000000000000000000000000000000000
11100101111111011100101001010010101010110101010000000000000000000000000000000000000000000000000000000000000000000000000000000000
01001000001000111110011111001000000010001111010100000000000000000000000000000000000000000000000000000000000000000000000000000000
00100010000011110111010101010101010110000001100100000000000000000000000000000000000000000000000000000000000000000000000000000000
00010110011001101000010110000111101010110010001000000000000000000000000000000000000000000000000000000000000000000000000000000000
01010001011110110100110010001010101011110000101100000000000000000000000000000000000000000000000000000000000000000000000000000000
10000101110111100010000100001000010011000000101000000000000000000000000000000000000000000000000000000000000000000000000000000000
01110110111101101001010100001101111101110000001000000000000000000000000000000000000000000000000000000000000000000000000000000000
10010000000000111010111000001111011010110000111100000000000000000000000000000000000000000000000000000000000000000000000000000000
01010110010001101011010010010011011111111000110100000000000000000000000000000000000000000000000000000000000000000000000000000000
01100000011110000001110000011001100110010101011000000000000000000000000000000000000000000000000000000000000000000000000000000000
01000011001000101111100001010110100101110111000000000000000000000000000000000000000000000000000000000000000000000000000000000000
10010001100010111001111100000001000100100000000000000000000000000000000000000000000000000000000000000000000000000000000000000000
11101000000100011001001000000010011000101011101100000000000000000000000000000000000000000000000000000000000000000000000000000000
00100011000100110101100101010000011110101000011000000000000000000000000000000000000000000000000000000000000000000000000000000000
10010100111000110010010010001001001111011100000100000000000000000000000000000000000000000000000000000000000000000000000000000000
11100011011000000011000010011001111110001101110100000000000000000000000000000000000000000000000000000000000000000000000000000000
10100010000010000001111111001010101110001110001000000000000000000000000000000000000000000000000000000000000000000000000000000000
10100101000101011101110011001101010111111011111000000000000000000000000000000000000000000000000000000000000000000000000000000000
11010100001100100100101110000000011001001100010000000000000000000000000000000000000000000000000000000000000000000000000000000000
00000101100100111001000100000100111001111010100100000000000000000000000000000000000000000000000000000000000000000000000000000000
00010010010011010111101011000110011111000101001100000000000000000000000000000000000000000000000000000000000000000000000000000000
10010000000111110001011010001110011010001101100100000000000000000000000000000000000000000000000000000000000000000000000000000000
01110001011100011101101111001101010101011110001100000000000000000000000000000000000000000000000000000000000000000000000000000000
01110111100100100100110111000000111101111101011100000000000000000000000000000000000000000000000000000000000000000000000000000000
01000100011011101000100010000001010110110000100000000000000000000000000000000000000000000000000000000000000000000000000000000000
01000011001110101010101100011011011001010110101100000000000000000000000000000000000000000000000000000000000000000000000000000000
00100100011110001111000000010110111000010101111100000000000000000000000000000000000000000000000000000000000000000000000000000000
10000110000111111101001100011110110101000011011000000000000000000000000000000000000000000000000000000000000000000000000000000000
00100000101110110101110001011001101000101101100000000000000000000000000000000000000000000000000000000000000000000000000000000000
11100001011110000000111100011111101010010001011000000000000000000000000000000000000000000000000000000000000000000000000000000000
11110101001011011000111000001110100000000111010000000000000000000000000000000000000000000000000000000000000000000000000000000000
01110010111110110111110100000001111110001101000100000000000000000000000000000000000000000000000000000000000000000000000000000000
11110110010110010110110001001110101010010110011100000000000000000000000000000000000000000000000000000000000000000000000000000000
01010001010011101101100101010011001010111100100100000000000000000000000000000000000000000000000000000000000000000000000000000000
10001000001011101110001011011100110110101110101100000000000000000000000000000000000000000000000000000000000000000000000000000000
01010110101101101011110010001011000000101001001100000000000000000000000000000000000000000000000000000000000000000000000000000000
00100011110100001011000110001000110110001001111100000000000000000000000000000000000000000000000000000000000000000000000000000000
10100111001100000110010001010110011110000011110100000000000000000000000000000000000000000000000000000000000000000000000000000000
11011000000001110101101001010110011110110100110000000000000000000000000000000000000000000000000000000000000000000000000000000000
01000101001100110101111101011100111000110011010100000000000000000000000000000000000000000000000000000000000000000000000000000000
10010110100010100001101110011100000011110010000000000000000000000000000000000000000000000000000000000000000000000000000000000000
11110001111111001001110100010011100001010001111100000000000000000000000000000000000000000000000000000000000000000000000000000000
10000110110101111000011100000100011101111110110100000000000000000000000000000000000000000000000000000000000000000000000000000000
00000010000001100011000001010011101000101110110000000000000000000000000000000000000000000000000000000000000000000000000000000000
01010010000100101100011001010110011101111101001000000000000000000000000000000000000000000000000000000000000000000000000000000000
00000010101010110111100111000100001000101101000100000000000000000000000000000000000000000000000000000000000000000000000000000000
01010010000011000111011000010100100001111011010100000000000000000000000000000000000000000000000000000000000000000000000000000000
01110011011111011101111111011000001101100001111100000000000000000000000000000000000000000000000000000000000000000000000000000000
11000001101000100111011011001101101000011100001100000000000000000000000000000000000000000000000000000000000000000000000000000000
11100100101101110100000101001000010101011000111000000000000000000000000000000000000000000000000000000000000000000000000000000000
00100010010111001100000001011010110110000011101100000000000000000000000000000000000000000000000000000000000000000000000000000000
11000011011101000100101101001000100001110110001000000000000000000000000000000000000000000000000000000000000000000000000000000000
11100111100011100111101010010110011010101001011000000000000000000000000000000000000000000000000000000000000000000000000000000000
00010000001111001010001011011110100000111100011000000000000000000000000000000000000000000000000000000000000000000000000000000000
01110011111110001000101110011110001101111110000100000000000000000000000000000000000000000000000000000000000000000000000000000000
10000100000001101001101000010111100100010111110100000000000000000000000000000000000000000000000000000000000000000000000000000000
10100011110111100000101000011000110111100000001100000000000000000000000000000000000000000000000000000000000000000000000000000000
01010001011010101100101001010111011100111001001000000000000000000000000000000000000000000000000000000000000000000000000000000000
00010010101000111010111101011111101011100010011100000000000000000000000000000000000000000000000000000000000000000000000000000000
11110011101010010111110111010000010110100100010000000000000000000000000000000000000000000000000000000000000000000000000000000000
01000110000001010100111000001001010001101001111000000000000000000000000000000000000000000000000000000000000000000000000000000000
01110010010100001101101001011111101111010101110100000000000000000000000000000000000000000000000000000000000000000000000000000000
10000100111100110100011001001110101100011101001100000000000000000000000000000000000000000000000000000000000000000000000000000000
10010110010001100011111001000001101010101100001000000000000000000000000000000000000000000000000000000000000000000000000000000000
10000110001100010111111000011001010000100010010100000000000000000000000000000000000000000000000000000000000000000000000000000000
10000010101110100000111101001011011111111110101100000000000000000000000000000000000000000000000000000000000000000000000000000000
11010101010001100000001011001111000011110011110000000000000000000000000000000000000000000000000000000000000000000000000000000000
00100101010110010011100000011100010001110001100000000000000000000000000000000000000000000000000000000000000000000000000000000000
10010011000010101101000011011001000011011011011000000000000000000000000000000000000000000000000000000000000000000000000000000000
11000001100010010100110010011110000111111010011000000000000000000000000000000000000000000000000000000000000000000000000000000000
10100010100001001101111110001000110000001111100000000000000000000000000000000000000000000000000000000000000000000000000000000000
00100111110001011001111010011100011011001000100100000000000000000000000000000000000000000000000000000000000000000000000000000000
10010101110101010011101111011010110111101101010000000000000000000000000000000000000000000000000000000000000000000000000000000000
00000000011111000010011000001010010110110000101000000000000000000000000000000000000000000000000000000000000000000000000000000000
11000010100001111000100111010010010000010001000100000000000000000000000000000000000000000000000000000000000000000000000000000000
00000011000001101101110000001100000000011101000000000000000000000000000000000000000000000000000000000000000000000000000000000000
11100001000111110011000100000111111001010011110100000000000000000000000000000000000000000000000000000000000000000000000000000000
11000110000100010001000110010110110011111110001000000000000000000000000000000000000000000000000000000000000000000000000000000000
10010101001110111010101111001101101111010000111100000000000000000000000000000000000000000000000000000000000000000000000000000000
01000110110100111000101010010111110101111110011000000000000000000000000000000000000000000000000000000000000000000000000000000000
01110011110010011110111101011010111100010010101000000000000000000000000000000000000000000000000000000000000000000000000000000000
01111000000100110101010111001011001000000010000100000000000000000000000000000000000000000000000000000000000000000000000000000000
10110001111110100011101111010010111010011011110000000000000000000000000000000000000000000000000000000000000000000000000000000000
01010101000111101111111101011111101001110001000000000000000000000000000000000000000000000000000000000000000000000000000000000000
00110010000000101111010010000110000011110001011100000000000000000000000000000000000000000000000000000000000000000000000000000000
00110100100110110011011110001001101101000010001100000000000000000000000000000000000000000000000000000000000000000000000000000000
11010111001010101100011101010010110000000011101100000000000000000000000000000000000000000000000000000000000000000000000000000000
00000110111111101010001010000001110111110101001100000000000000000000000000000000000000000000000000000000000000000000000000000000
00100000001010101100010111010010001111111100110000000000000000000000000000000000000000000000000000000000000000000000000000000000
11010111101101100111100010000011111011010000010000000000000000000000000000000000000000000000000000000000000000000000000000000000
01010000010111110100100100011111000111100110101100000000000000000000000000000000000000000000000000000000000000000000000000000000
01010111001111001101100000010110111100011110010100000000000000000000000000000000000000000000000000000000000000000000000000000000
00010101010010100101010100001110010100011001011000000000000000000000000000000000000000000000000000000000000000000000000000000000
10100001011111100101001101011001110001100110001100000000000000000000000000000000000000000000000000000000000000000000000000000000
01000111010011011011011111010110011010100101110100000000000000000000000000000000000000000000000000000000000000000000000000000000
10010000110110011010110011000111011111011001011100000000000000000000000000000000000000000000000000000000000000000000000000000000
01000101110000100011000010001111110000001011011100000000000000000000000000000000000000000000000000000000000000000000000000000000
00010011010000101010010001000000001101100001101000000000000000000000000000000000000000000000000000000000000000000000000000000000
00000000000100011000000001001001000101001111111100000000000000000000000000000000000000000000000000000000000000000000000000000000
11100001101000010001000011001000100110010001111100000000000000000000000000000000000000000000000000000000000000000000000000000000
01110101011011110000011000000010101000000110110100000000000000000000000000000000000000000000000000000000000000000000000000000000
01010010000001111101000000000101001101101010110000000000000000000000000000000000000000000000000000000000000000000000000000000000
11110001110011110000001101001101000000000100001000000000000000000000000000000000000000000000000000000000000000000000000000000000
00010101110111111001011000000110110100111101011100000000000000000000000000000000000000000000000000000000000000000000000000000000
00110110110100010010111011010000000110000010111000000000000000000000000000000000000000000000000000000000000000000000000000000000
10010011101011100111011000011010001000011011101000000000000000000000000000000000000000000000000000000000000000000000000000000000
11001000000001111000100100011000110011001101101100000000000000000000000000000000000000000000000000000000000000000000000000000000
00110100100101011100011010001011100111010100011100000000000000000000000000000000000000000000000000000000000000000000000000000000
01110110111011001011011100011100001010001011100100000000000000000000000000000000000000000000000000000000000000000000000000000000
00100101111010111110100101000011100010010001011000000000000000000000000000000000000000000000000000000000000000000000000000000000
11000111101001000110011111011001101010111011000000000000000000000000000000000000000000000000000000000000000000000000000000000000
01010001110010001100110100000101111011100010011100000000000000000000000000000000000000000000000000000000000000000000000000000000
11100101100000000100010111000001110111011111010000000000000000000000000000000000000000000000000000000000000000000000000000000000
10100100100011110100010000011001110111100110100000000000000000000000000000000000000000000000000000000000000000000000000000000000
01010011001100101110000101010000000001101100010100000000000000000000000000000000000000000000000000000000000000000000000000000000
10100001011001010111101101000010001011010001010100000000000000000000000000000000000000000000000000000000000000000000000000000000
00000100001011010111010101010001001011011111111000000000000000000000000000000000000000000000000000000000000000000000000000000000
11010101111100010111010101000001111110110101101000000000000000000000000000000000000000000000000000000000000000000000000000000000
01000010000000011100111010001101100000001101000000000000000000000000000000000000000000000000000000000000000000000000000000000000
11010010101110010001010011000000011001011010001100000000000000000000000000000000000000000000000000000000000000000000000000000000
11010101010101111100101011011011011111100000010100000000000000000000000000000000000000000000000000000000000000000000000000000000
00000110100000010001010101000100111001111110110100000000000000000000000000000000000000000000000000000000000000000000000000000000
10010101101010110110000101001110010000111110010000000000000000000000000000000000000000000000000000000000000000000000000000000000
00010100001110101110011010100000100110100010000000000000000000000000000000000000000000000000000000000000000000000000000000000000
11110101001110100110000101100000000101111110101100000000000000000000000000000000000000000000000000000000000000000000000000000000
11100000001011010110001111001100001101100110110000000000000000000000000000000000000000000000000000000000000000000000000000000000
11000010010111011100010110010101000110011101010100000000000000000000000000000000000000000000000000000000000000000000000000000000
01110000011110011000110111001101000011111100101000000000000000000000000000000000000000000000000000000000000000000000000000000000
11011000000001100010101111011101110011010111101100000000000000000000000000000000000000000000000000000000000000000000000000000000
00100100110001011001011010011110101101011111001000000000000000000000000000000000000000000000000000000000000000000000000000000000
10110111100001010100101101001000000101011100001100000000000000000000000000000000000000000000000000000000000000000000000000000000
00010000101011011101101100000100110011011111100100000000000000000000000000000000000000000000000000000000000000000000000000000000
11010001101101111110011011100000101110010111111000000000000000000000000000000000000000000000000000000000000000000000000000000000
01000000001101111001111001000010000101001000011000000000000000000000000000000000000000000000000000000000000000000000000000000000
01110011010011100110001011010001110111111101011000000000000000000000000000000000000000000000000000000000000000000000000000000000
10010100011010000011001000100000001000101011110100000000000000000000000000000000000000000000000000000000000000000000000000000000
01100001111111001110001000001010011000000100001000000000000000000000000000000000000000000000000000000000000000000000000000000000
11110110110010101100111010010100101011011000100000000000000000000000000000000000000000000000000000000000000000000000000000000000
10101000001011010110000111010000010010111011101100000000000000000000000000000000000000000000000000000000000000000000000000000000
11010101011011000110111010011111100010010010110000000000000000000000000000000000000000000000000000000000000000000000000000000000
11100100100010110111101100000011101100110011100100000000000000000000000000000000000000000000000000000000000000000000000000000000
00100101010011110111101110001111010101001011011100000000000000000000000000000000000000000000000000000000000000000000000000000000
01110111001011011111010100011111001011001111010000000000000000000000000000000000000000000000000000000000000000000000000000000000
00000010111000111111110010010110000011000000010100000000000000000000000000000000000000000000000000000000000000000000000000000000
01110011101111100001011000011000001011000001010100000000000000000000000000000000000000000000000000000000000000000000000000000000
01000110110101000000010001010001001110001010010100000000000000000000000000000000000000000000000000000000000000000000000000000000
00100110000100101001111111011111100111000110110000000000000000000000000000000000000000000000000000000000000000000000000000000000
00000011000100101110010111000100111100111100101100000000000000000000000000000000000000000000000000000000000000000000000000000000
10000000001010110001000111000011011110100011100100000000000000000000000000000000000000000000000000000000000000000000000000000000
01111000000000100011001001001110101110010000111100000000000000000000000000000000000000000000000000000000000000000000000000000000
01010110000100100011100111010010101010110011100100000000000000000000000000000000000000000000000000000000000000000000000000000000
11110001000000110100101001010011101011000010100100000000000000000000000000000000000000000000000000000000000000000000000000000000
10010010111111100011110011011101100001111101111000000000000000000000000000000000000000000000000000000000000000000000000000000000
10010110001100101010110010001010001001100100111100000000000000000000000000000000000000000000000000000000000000000000000000000000
11110000001000111010000011010011111000000100100100000000000000000000000000000000000000000000000000000000000000000000000000000000
00000011110110001101100101001001101101011111110100000000000000000000000000000000000000000000000000000000000000000000000000000000
10010000100001110001001100000001110010101101110000000000000000000000000000000000000000000000000000000000000000000000000000000000
00010011100011111011100001000101111101011111010100000000000000000000000000000000000000000000000000000000000000000000000000000000
11100100011011011111100001011111001011101011101100000000000000000000000000000000000000000000000000000000000000000000000000000000
11110100011110001100001001011101111101111111100100000000000000000000000000000000000000000000000000000000000000000000000000000000
01100100011011010111010101100000001100000000110000000000000000000000000000000000000000000000000000000000000000000000000000000000
11010111000100011001011101010011011100101000001100000000000000000000000000000000000000000000000000000000000000000000000000000000
11110110000100100111100111000010000000001110010000000000000000000000000000000000000000000000000000000000000000000000000000000000
00100111001000111100000000011011011111000111100100000000000000000000000000000000000000000000000000000000000000000000000000000000
01110000111000000001000011000111111111111101011100000000000000000000000000000000000000000000000000000000000000000000000000000000
11100010000001010101101001010011000100001111001100000000000000000000000000000000000000000000000000000000000000000000000000000000
01110110111110100101110111001001000000010111011000000000000000000000000000000000000000000000000000000000000000000000000000000000
10100000100001000110011100011110011110000011110000000000000000000000000000000000000000000000000000000000000000000000000000000000
00100011101101100010110111001101110100110111010000000000000000000000000000000000000000000000000000000000000000000000000000000000
00000100001010110000000000011000001001110111010100000000000000000000000000000000000000000000000000000000000000000000000000000000
01110001111100110111010110001110000001001111010000000000000000000000000000000000000000000000000000000000000000000000000000000000
00010111110100001110000001011011010011001110101000000000000000000000000000000000000000000000000000000000000000000000000000000000
01100110010100001000101011000111001101000011010100000000000000000000000000000000000000000000000000000000000000000000000000000000
01010010001010111000101111011100101111010011000000000000000000000000000000000000000000000000000000000000000000000000000000000000
00000111010111100001101111001000100010000101001000000000000000000000000000000000000000000000000000000000000000000000000000000000
01010011100110001011000110011110111001000011010000000000000000000000000000000000000000000000000000000000000000000000000000000000
00110111011000110000001111011110100011100101111000000000000000000000000000000000000000000000000000000000000000000000000000000000
10000100001110001111011001000100101000001110101100000000000000000000000000000000000000000000000000000000000000000000000000000000
10100000101000001100010100000001110110001100001000000000000000000000000000000000000000000000000000000000000000000000000000000000
10000101101101101111011010011111101000011110100100000000000000000000000000000000000000000000000000000000000000000000000000000000
10100001001100101110011001000111110100010011100000000000000000000000000000000000000000000000000000000000000000000000000000000000
10010011010101100101010000010111001011100111100000000000000000000000000000000000000000000000000000000000000000000000000000000000
11100011001000110010101000011001101110110001110000000000000000000000000000000000000000000000000000000000000000000000000000000000
11000001110011110001100101010000110000101000010000000000000000000000000000000000000000000000000000000000000000000000000000000000
01010011100001010001010100010110001100110001101000000000000000000000000000000000000000000000000000000000000000000000000000000000
00000101111110001000111100011100111011001101010100000000000000000000000000000000000000000000000000000000000000000000000000000000
01010110011100010011010100010110010101001110001100000000000000000000000000000000000000000000000000000000000000000000000000000000
01000101111110110111111001011011001011100111101100000000000000000000000000000000000000000000000000000000000000000000000000000000
11000010100110011000000011001100111011011001111100000000000000000000000000000000000000000000000000000000000000000000000000000000
11100100001001001100011000001011111110011001010000000000000000000000000000000000000000000000000000000000000000000000000000000000
00110011101111001101110011000001010010101010010100000000000000000000000000000000000000000000000000000000000000000000000000000000
11000110001100010111110110010101010010010100010000000000000000000000000000000000000000000000000000000000000000000000000000000000
01000011100100000101001001000000100001100111110000000000000000000000000000000000000000000000000000000000000000000000000000000000
10010011111010101010000000000001110010110110110000000000000000000000000000000000000000000000000000000000000000000000000000000000
11110011111001011111111101100000101110100101111100000000000000000000000000000000000000000000000000000000000000000000000000000000
01000100001110000100110101001011010011000011011100000000000000000000000000000000000000000000000000000000000000000000000000000000
10010001111111111000010000010000011100111100001100000000000000000000000000000000000000000000000000000000000000000000000000000000
00010111100010011010001011000111111111001010100100000000000000000000000000000000000000000000000000000000000000000000000000000000
11010000011101010000001110001111111111101010101000000000000000000000000000000000000000000000000000000000000000000000000000000000
00000010111010000010101110010011000101010101110100000000000000000000000000000000000000000000000000000000000000000000000000000000
11100011001101010001100101011110000001000111011000000000000000000000000000000000000000000000000000000000000000000000000000000000
01100110010000010110101001001001110110110100111100000000000000000000000000000000000000000000000000000000000000000000000000000000
11100111011111010101011011010010001010101011000100000000000000000000000000000000000000000000000000000000000000000000000000000000
11000000010101001010000001001011110000000010110000000000000000000000000000000000000000000000000000000000000000000000000000000000
00000001011001100010111011010010111110110010000000000000000000000000000000000000000000000000000000000000000000000000000000000000
01000100011100001011001001011001111010000101000000000000000000000000000000000000000000000000000000000000000000000000000000000000
11010011101011111110111110010001001000011110010100000000000000000000000000000000000000000000000000000000000000000000000000000000
10100000110111011011111011010001011100011001101100000000000000000000000000000000000000000000000000000000000000000000000000000000
00110000101101101111001111011000110101000010111000000000000000000000000000000000000000000000000000000000000000000000000000000000
00111000000011010100100110011000101010011101010100000000000000000000000000000000000000000000000000000000000000000000000000000000
10110010010000000001000000010000011100110101100100000000000000000000000000000000000000000000000000000000000000000000000000000000
11010010010110100010011101011110100000110111111100000000000000000000000000000000000000000000000000000000000000000000000000000000
01000011011101001100001001001100100101001001110100000000000000000000000000000000000000000000000000000000000000000000000000000000
11010110011101000000010111001111101110101111111100000000000000000000000000000000000000000000000000000000000000000000000000000000
10100100000101111011010001010100011111100010001000000000000000000000000000000000000000000000000000000000000000000000000000000000
10110110010100010011010010010101000110001100000000000000000000000000000000000000000000000000000000000000000000000000000000000000
11100011001111010111000011001110000110001010111100000000000000000000000000000000000000000000000000000000000000000000000000000000
00000111100100110010111000001000000010000000000100000000000000000000000000000000000000000000000000000000000000000000000000000000
01010010100100101111011100011111101011100100111000000000000000000000000000000000000000000000000000000000000000000000000000000000
10100000101101000001000000011011010100010101101100000000000000000000000000000000000000000000000000000000000000000000000000000000
01010100011001011101110010011111001100110110100000000000000000000000000000000000000000000000000000000000000000000000000000000000
01010110100001110100010100000110100010000010010100000000000000000000000000000000000000000000000000000000000000000000000000000000
01100011101010101000100100001100100011111001100100000000000000000000000000000000000000000000000000000000000000000000000000000000
00000001000000110000100010010101000011100110010000000000000000000000000000000000000000000000000000000000000000000000000000000000
00110010011100001101100110001001011011011110111100000000000000000000000000000000000000000000000000000000000000000000000000000000
00110011100001000100011111001010010001001001111000000000000000000000000000000000000000000000000000000000000000000000000000000000
11100110100101000000011101001100100000110101110100000000000000000000000000000000000000000000000000000000000000000000000000000000
11010111011010100100101101001000011101000110011000000000000000000000000000000000000000000000000000000000000000000000000000000000
11010011100001011110100110001000011000111101011100000000000000000000000000000000000000000000000000000000000000000000000000000000
00000110110110100110110010011011010000101010011000000000000000000000000000000000000000000000000000000000000000000000000000000000
10100100111101101011010010001110100010001010111000000000000000000000000000000000000000000000000000000000000000000000000000000000
00010101010001001000011001011101010001000001010100000000000000000000000000000000000000000000000000000000000000000000000000000000
11100101001111000001010011011010110010001011111000000000000000000000000000000000000000000000000000000000000000000000000000000000
00010010011001111100111000001101000010100100001100000000000000000000000000000000000000000000000000000000000000000000000000000000
11010000110000101001101100010010110010011100010100000000000000000000000000000000000000000000000000000000000000000000000000000000
00000011101111001110011011001001110001000110000100000000000000000000000000000000000000000000000000000000000000000000000000000000
01110101001110001010100010010101110011100010110100000000000000000000000000000000000000000000000000000000000000000000000000000000
10110100000001010111001100001001000101111101101100000000000000000000000000000000000000000000000000000000000000000000000000000000
00100000101001010100111101010111100010000110000100000000000000000000000000000000000000000000000000000000000000000000000000000000
00010010101111010001111010001010010101100100011000000000000000000000000000000000000000000000000000000000000000000000000000000000
11110001111101010101100101001010001111011001110100000000000000000000000000000000000000000000000000000000000000000000000000000000
10010100001010000101110100001101010010110011101000000000000000000000000000000000000000000000000000000000000000000000000000000000
11000010100110110101010100000101111111100101000000000000000000000000000000000000000000000000000000000000000000000000000000000000
00110010010011000111000100011010110100000110110000000000000000000000000000000000000000000000000000000000000000000000000000000000
10000100101010010001010000011110101110001111101100000000000000000000000000000000000000000000000000000000000000000000000000000000
01100010000100001011001100011001010100010001101100000000000000000000000000000000000000000000000000000000000000000000000000000000
10011000000100101000101001000110101000110100110000000000000000000000000000000000000000000000000000000000000000000000000000000000
10100101110000011101010001011100010100111001111100000000000000000000000000000000000000000000000000000000000000000000000000000000
00000011111011101111101111011010101100000001000000000000000000000000000000000000000000000000000000000000000000000000000000000000
10100010000001100010001110011100010100011111010000000000000000000000000000000000000000000000000000000000000000000000000000000000
10000001010011100100110110000011100011101101010100000000000000000000000000000000000000000000000000000000000000000000000000000000
01110000001101011100100101010011101110111000001000000000000000000000000000000000000000000000000000000000000000000000000000000000
01010100101110101011010110000111010001100000100100000000000000000000000000000000000000000000000000000000000000000000000000000000
11100001101101101001101100010011110001011100101000000000000000000000000000000000000000000000000000000000000000000000000000000000
10010001001011111011101010000111011100001101010000000000000000000000000000000000000000000000000000000000000000000000000000000000
01110111010101100110010101010111111010111001111100000000000000000000000000000000000000000000000000000000000000000000000000000000
10100011011010011010010000100000001010110001010000000000000000000000000000000000000000000000000000000000000000000000000000000000
00010100001110000100111101000110100101000010001000000000000000000000000000000000000000000000000000000000000000000000000000000000
10110100110011000011110010010110100011000001011100000000000000000000000000000000000000000000000000000000000000000000000000000000
10010010110001001101100000010001011001001000010100000000000000000000000000000000000000000000000000000000000000000000000000000000
00000000110111110111100111000010011100001110101000000000000000000000000000000000000000000000000000000000000000000000000000000000
00000011110010101100001001010010000111011110101000000000000000000000000000000000000000000000000000000000000000000000000000000000
01000100000111010111110000000100110101011110111100000000000000000000000000000000000000000000000000000000000000000000000000000000
11000110110010010100010100000000110000101001110000000000000000000000000000000000000000000000000000000000000000000000000000000000
11110001101100000111001000010111111010011100000100000000000000000000000000000000000000000000000000000000000000000000000000000000
10000000011110110100100010010110101110100010001100000000000000000000000000000000000000000000000000000000000000000000000000000000
00000010101000000001000101010110001111110010000000000000000000000000000000000000000000000000000000000000000000000000000000000000
00010100000001110110010010001000101111111100111100000000000000000000000000000000000000000000000000000000000000000000000000000000
11110010101001111000110111010001110101010100101100000000000000000000000000000000000000000000000000000000000000000000000000000000
01110101100111011101111101001001100010001010100000000000000000000000000000000000000000000000000000000000000000000000000000000000
01010111110011101000100001011000001011111100110100000000000000000000000000000000000000000000000000000000000000000000000000000000
00010001100011011011111010011001110110001101001100000000000000000000000000000000000000000000000000000000000000000000000000000000
01100101001101110011011001001101110000100011011000000000000000000000000000000000000000000000000000000000000000000000000000000000
00010001011001011000111010001100001100001101000100000000000000000000000000000000000000000000000000000000000000000000000000000000
10110111011110000101101101001100000101101111111000000000000000000000000000000000000000000000000000000000000000000000000000000000
11000111110101011110110001011111111111010001100000000000000000000000000000000000000000000000000000000000000000000000000000000000
10110100101110011101000100010111101001101011110100000000000000000000000000000000000000000000000000000000000000000000000000000000
00110011111010101001000100001110101011111011000000000000000000000000000000000000000000000000000000000000000000000000000000000000
11000100000000001101110100011101011000100011000100000000000000000000000000000000000000000000000000000000000000000000000000000000
10010011000010100100000001011001000001111000111100000000000000000000000000000000000000000000000000000000000000000000000000000000
11110101101110111001010001001110011000010011011100000000000000000000000000000000000000000000000000000000000000000000000000000000
00010010101101111011011111001111011101110000101000000000000000000000000000000000000000000000000000000000000000000000000000000000
01100101010101001010001011010110111111010010001000000000000000000000000000000000000000000000000000000000000000000000000000000000
00100010110011010000011101011100000111010010000000000000000000000000000000000000000000000000000000000000000000000000000000000000
01000101111010010101101010010110100101110010101100000000000000000000000000000000000000000000000000000000000000000000000000000000
00000010100100010101010110010110000000111000110100000000000000000000000000000000000000000000000000000000000000000000000000000000
00110010100000011000111110001000100111000110100100000000000000000000000000000000000000000000000000000000000000000000000000000000
10100000000000100100010100001101100110110010010100000000000000000000000000000000000000000000000000000000000000000000000000000000
01000011100001111101010010001000001100111100001100000000000000000000000000000000000000000000000000000000000000000000000000000000
11010100110010001111110000000011110100001001110100000000000000000000000000000000000000000000000000000000000000000000000000000000
00110011100111100101110001000110011010001100101000000000000000000000000000000000000000000000000000000000000000000000000000000000
00100011101000011001110011000010101001100000001100000000000000000000000000000000000000000000000000000000000000000000000000000000
00110111000010110110110011010011100101000100010000000000000000000000000000000000000000000000000000000000000000000000000000000000
10000011010101001001010010001110011110000100011100000000000000000000000000000000000000000000000000000000000000000000000000000000
10100101111011001011001101000011010011010111010000000000000000000000000000000000000000000000000000000000000000000000000000000000
11100011011011010011101101010011011100110110110000000000000000000000000000000000000000000000000000000000000000000000000000000000
10010001001001111100101011000011011011001111100000000000000000000000000000000000000000000000000000000000000000000000000000000000
00100101101011010101100001010011101011110110000100000000000000000000000000000000000000000000000000000000000000000000000000000000
10110001100101101101101010011100011010001110111100000000000000000000000000000000000000000000000000000000000000000000000000000000
11000010000110001110001011011011011001100010011000000000000000000000000000000000000000000000000000000000000000000000000000000000
11000010000110101111110111011111010101110001100000000000000000000000000000000000000000000000000000000000000000000000000000000000
00100000000001110010000100011111010000000001010100000000000000000000000000000000000000000000000000000000000000000000000000000000
10100011110001010111101101001010011111011100110000000000000000000000000000000000000000000000000000000000000000000000000000000000
10100111011000000111001101011011001010010001111100000000000000000000000000000000000000000000000000000000000000000000000000000000
11100000001100111000110110011011011011110001100000000000000000000000000000000000000000000000000000000000000000000000000000000000
01110101100000011000110001000001011000000101111000000000000000000000000000000000000000000000000000000000000000000000000000000000
00000100011111001011110101010110111111010010101100000000000000000000000000000000000000000000000000000000000000000000000000000000
00110010111001001001100001011110110010111011110100000000000000000000000000000000000000000000000000000000000000000000000000000000
11110001110100100111010101010000110111101110111100000000000000000000000000000000000000000000000000000000000000000000000000000000
01000010000110111001111011000110010101101000111100000000000000000000000000000000000000000000000000000000000000000000000000000000
10000011100101011000010000010000000101110000011100000000000000000000000000000000000000000000000000000000000000000000000000000000
00010110100011100101011001010010111010110010001000000000000000000000000000000000000000000000000000000000000000000000000000000000
11100000010001110010000010001111110110011100100000000000000000000000000000000000000000000000000000000000000000000000000000000000
10000111111111010100011110000111000000100100101000000000000000000000000000000000000000000000000000000000000000000000000000000000
11110000100000110110100011000001011000101000110000000000000000000000000000000000000000000000000000000000000000000000000000000000
11000101100110001011100110010100001110011010000100000000000000000000000000000000000000000000000000000000000000000000000000000000
00010001100011110011110001010011011100000011110000000000000000000000000000000000000000000000000000000000000000000000000000000000
10000100000111110101111110010011111100101000100100000000000000000000000000000000000000000000000000000000000000000000000000000000
01110111111000010000101000001000111111101101011100000000000000000000000000000000000000000000000000000000000000000000000000000000
11000110100111000101010100010110110111100101101100000000000000000000000000000000000000000000000000000000000000000000000000000000
00100011101010110011110110000010100111111111001000000000000000000000000000000000000000000000000000000000000000000000000000000000
00000111100010100001101110011101010011001101011000000000000000000000000000000000000000000000000000000000000000000000000000000000
10100101111010010110011111001011011010110010111000000000000000000000000000000000000000000000000000000000000000000000000000000000
11000100101001010011100010011101010110110111010100000000000000000000000000000000000000000000000000000000000000000000000000000000
01110110011011010000100101010110001000100110110000000000000000000000000000000000000000000000000000000000000000000000000000000000
00100100010110100011110001010001111111001100110000000000000000000000000000000000000000000000000000000000000000000000000000000000
00000011011010011001001101011001011001101000100000000000000000000000000000000000000000000000000000000000000000000000000000000000
10110000110001100100100111011111011110011111110100000000000000000000000000000000000000000000000000000000000000000000000000000000
01100001000010110010000001010001011010101010001000000000000000000000000000000000000000000000000000000000000000000000000000000000
10100010100111001100011101001001110011001011011000000000000000000000000000000000000000000000000000000000000000000000000000000000
11000001000000111100100100000000001001101010000100000000000000000000000000000000000000000000000000000000000000000000000000000000
00000100000011111011101110000001100100111000011100000000000000000000000000000000000000000000000000000000000000000000000000000000
10110010000011111011110110000100110100010111111100000000000000000000000000000000000000000000000000000000000000000000000000000000
11001000000001011100101010011011000011000100100000000000000000000000000000000000000000000000000000000000000000000000000000000000
11000110000001011000101001011011000110010101101100000000000000000000000000000000000000000000000000000000000000000000000000000000
11100000010001000101001110000000100100000010010100000000000000000000000000000000000000000000000000000000000000000000000000000000
00100011110011101001000100001011110111101011101100000000000000000000000000000000000000000000000000000000000000000000000000000000
10010001111101000100100101011010010111010111110000000000000000000000000000000000000000000000000000000000000000000000000000000000
01010100010111110100110011010111100100010001101000000000000000000000000000000000000000000000000000000000000000000000000000000000
01010011010101110000110100001100010000101000010100000000000000000000000000000000000000000000000000000000000000000000000000000000
11000111001010001111000010000110011000111101010100000000000000000000000000000000000000000000000000000000000000000000000000000000
11000100100010110011111100100000100100101011000100000000000000000000000000000000000000000000000000000000000000000000000000000000
00010110001101001111011101011011010101001110010000000000000000000000000000000000000000000000000000000000000000000000000000000000
11000011100111011010100111000101101001101010010000000000000000000000000000000000000000000000000000000000000000000000000000000000
00000011111001000101001010001001000001100011110100000000000000000000000000000000000000000000000000000000000000000000000000000000
00110110101001011101110001010101101010100111001000000000000000000000000000000000000000000000000000000000000000000000000000000000
01010101001100110101111010010110001000000101010100000000000000000000000000000000000000000000000000000000000000000000000000000000
01000100010011011101101110010110110001011111111000000000000000000000000000000000000000000000000000000000000000000000000000000000
01110100011110010001100010010110001100001010110100000000000000000000000000000000000000000000000000000000000000000000000000000000
10010000010011001101110000010011001111010000000000000000000000000000000000000000000000000000000000000000000000000000000000000000
11000111111101001011111101000010111111011111011100000000000000000000000000000000000000000000000000000000000000000000000000000000
11000011010110010011100000000000010100110011011100000000000000000000000000000000000000000000000000000000000000000000000000000000
11100001011101011001010000010011110100000100101100000000000000000000000000000000000000000000000000000000000000000000000000000000
10010101000110101101101010001000101000001100000000000000000000000000000000000000000000000000000000000000000000000000000000000000
01110101101101001111111111010110000001010110010100000000000000000000000000000000000000000000000000000000000000000000000000000000
11100001101100001101111111001000011100011110100100000000000000000000000000000000000000000000000000000000000000000000000000000000
10000010110011100011101110000010110001100010011000000000000000000000000000000000000000000000000000000000000000000000000000000000
10010100010101010001110111010110010011100010101100000000000000000000000000000000000000000000000000000000000000000000000000000000
10000000100100100101110111011100000010111001010100000000000000000000000000000000000000000000000000000000000000000000000000000000
00110101000110101111001110000100101101110000000100000000000000000000000000000000000000000000000000000000000000000000000000000000
01010011111011101000010110011101001010110010001100000000000000000000000000000000000000000000000000000000000000000000000000000000
10010010011101010001010101010000111001101110001100000000000000000000000000000000000000000000000000000000000000000000000000000000
10010010110110110100111110011100100010100101100000000000000000000000000000000000000000000000000000000000000000000000000000000000
01110100111000000010100011011101111001110010111000000000000000000000000000000000000000000000000000000000000000000000000000000000
10000101010011101010000111001110101011000101000000000000000000000000000000000000000000000000000000000000000000000000000000000000
00000011001001111110000101010110101011100110010000000000000000000000000000000000000000000000000000000000000000000000000000000000
00100010011010101011010001001101101100011100001000000000000000000000000000000000000000000000000000000000000000000000000000000000
00000101011101001101010101011011010100011111011000000000000000000000000000000000000000000000000000000000000000000000000000000000
10010110010010110011111111000110010101010011000000000000000000000000000000000000000000000000000000000000000000000000000000000000
10010001000011001100001001000110011010110000101000000000000000000000000000000000000000000000000000000000000000000000000000000000
10000110010110111011100110001011110110000001000100000000000000000000000000000000000000000000000000000000000000000000000000000000
00010011110100001011101110011001101101011110011100000000000000000000000000000000000000000000000000000000000000000000000000000000
01100101101110110101110110000011101110100101011000000000000000000000000000000000000000000000000000000000000000000000000000000000
00000110101111111100100011010000001101001111000000000000000000000000000000000000000000000000000000000000000000000000000000000000
10100100001001000010010111001101001111101011000000000000000000000000000000000000000000000000000000000000000000000000000000000000
01110100111110001111011001100000010011001001110100000000000000000000000000000000000000000000000000000000000000000000000000000000
10100000011011100000100011011011011111001111010100000000000000000000000000000000000000000000000000000000000000000000000000000000
10010011010001110010101110011101001001000101100000000000000000000000000000000000000000000000000000000000000000000000000000000000
10100111000000101110000000010000100100101111100000000000000000000000000000000000000000000000000000000000000000000000000000000000
01010100111001001010000001011101111110010000010100000000000000000000000000000000000000000000000000000000000000000000000000000000
11010100000010010111101100000110001110101111001000000000000000000000000000000000000000000000000000000000000000000000000000000000
11100000000111010011110011000010000010110101010000000000000000000000000000000000000000000000000000000000000000000000000000000000
00110000001111111010100111010011110100001111011000000000000000000000000000000000000000000000000000000000000000000000000000000000
11000111111000101011010110011101011111001111001100000000000000000000000000000000000000000000000000000000000000000000000000000000
10110000010101010010001111100000000010111011001100000000000000000000000000000000000000000000000000000000000000000000000000000000
11110010110010111011011010010100101100000011000100000000000000000000000000000000000000000000000000000000000000000000000000000000
10010000010010000011000000010110100101100110001000000000000000000000000000000000000000000000000000000000000000000000000000000000
01100011110010011111000011001000101101001110111000000000000000000000000000000000000000000000000000000000000000000000000000000000
11000100011011110100011000010110101111101111010100000000000000000000000000000000000000000000000000000000000000000000000000000000
10010101001101100111011110001100011011111010111000000000000000000000000000000000000000000000000000000000000000000000000000000000
01110101010110011110111010000000110011000100101000000000000000000000000000000000000000000000000000000000000000000000000000000000
01000011100001111111011001001110000010100010001100000000000000000000000000000000000000000000000000000000000000000000000000000000
01100101110001010010010010000110101001101100111000000000000000000000000000000000000000000000000000000000000000000000000000000000
10110000000111011110111001010000010000000100101000000000000000000000000000000000000000000000000000000000000000000000000000000000
01110110110001000000111010001000111101001010110000000000000000000000000000000000000000000000000000000000000000000000000000000000
01010010001011101111100100011000101001011110011000000000000000000000000000000000000000000000000000000000000000000000000000000000
10010000101001011011100110011111110011101101111100000000000000000000000000000000000000000000000000000000000000000000000000000000
01110000101110011100011110001001111010111001011100000000000000000000000000000000000000000000000000000000000000000000000000000000
11100111100010111110010001000111001001000001110100000000000000000000000000000000000000000000000000000000000000000000000000000000
00110010000000011001011100010000100001001100000000000000000000000000000000000000000000000000000000000000000000000000000000000000
00000111111001100000011001000110100010110000001100000000000000000000000000000000000000000000000000000000000000000000000000000000
00110011111101000001111111011100011010011000110100000000000000000000000000000000000000000000000000000000000000000000000000000000
00110100100100110010101111001011111011000111101100000000000000000000000000000000000000000000000000000000000000000000000000000000
11100010000001011101000001001110010100110101101000000000000000000000000000000000000000000000000000000000000000000000000000000000
10010111011101100000101101010010100001000010010000000000000000000000000000000000000000000000000000000000000000000000000000000000
10110000010100000001010111001011011101110000000100000000000000000000000000000000000000000000000000000000000000000000000000000000
00010100011010110100100111011000100010011001001000000000000000000000000000000000000000000000000000000000000000000000000000000000
01110010000011000001100101100000011011011010011000000000000000000000000000000000000000000000000000000000000000000000000000000000
10010000011010011111110000010111101100100111010000000000000000000000000000000000000000000000000000000000000000000000000000000000
00010010111011110101001111010101010110111100010000000000000000000000000000000000000000000000000000000000000000000000000000000000
10100000101111010001110010010001101000001011111100000000000000000000000000000000000000000000000000000000000000000000000000000000
01010010011101111011110000100000100100110001011100000000000000000000000000000000000000000000000000000000000000000000000000000000
01110000110101100011010110011101010001001100001100000000000000000000000000000000000000000000000000000000000000000000000000000000
00100000001010000001100011011011100110101100111000000000000000000000000000000000000000000000000000000000000000000000000000000000
11000000111000000100001100010001101011101010000000000000000000000000000000000000000000000000000000000000000000000000000000000000
11100111101111000101110111001111001010010000101000000000000000000000000000000000000000000000000000000000000000000000000000000000
01110101110000011000101011010010011010110010100100000000000000000000000000000000000000000000000000000000000000000000000000000000
11100010010001101001000110001101110011101001110000000000000000000000000000000000000000000000000000000000000000000000000000000000
10010010101111101101001001011101101001011000000100000000000000000000000000000000000000000000000000000000000000000000000000000000
00010001010111000001111010000001001010000100110100000000000000000000000000000000000000000000000000000000000000000000000000000000
10100000111101011010101000000101010101010110000000000000000000000000000000000000000000000000000000000000000000000000000000000000
11110000000010110111001100010001101101111011101000000000000000000000000000000000000000000000000000000000000000000000000000000000
00000010100000110011110001011000100001110110111000000000000000000000000000000000000000000000000000000000000000000000000000000000
11010010010011111011010001011000001100111000111000000000000000000000000000000000000000000000000000000000000000000000000000000000
01010000000101111110111111001111111110111111011100000000000000000000000000000000000000000000000000000000000000000000000000000000
10110111101001111001101001010011100000001001101100000000000000000000000000000000000000000000000000000000000000000000000000000000
11000000011110100010000010001011100010011000110100000000000000000000000000000000000000000000000000000000000000000000000000000000
00100010001110010000101111001000010011000111111100000000000000000000000000000000000000000000000000000000000000000000000000000000
01110100101110100001111000001011101000001110010100000000000000000000000000000000000000000000000000000000000000000000000000000000
10110011100011101010010101001000011111100011011100000000000000000000000000000000000000000000000000000000000000000000000000000000
01100001011110101001000111010010011100101001011100000000000000000000000000000000000000000000000000000000000000000000000000000000
01110101110011110111111111000000101100111110011100000000000000000000000000000000000000000000000000000000000000000000000000000000
11110100110011011011110010100000010111100110000000000000000000000000000000000000000000000000000000000000000000000000000000000000
10010000011101000010101111010110100111011011001100000000000000000000000000000000000000000000000000000000000000000000000000000000
11010111110111010011010100011100000101010100111100000000000000000000000000000000000000000000000000000000000000000000000000000000
00000111110111010001110111000010100111110001010100000000000000000000000000000000000000000000000000000000000000000000000000000000
10010111010011101000010011000100001011111110101000000000000000000000000000000000000000000000000000000000000000000000000000000000
00010110100110011011110111001011101010011010010100000000000000000000000000000000000000000000000000000000000000000000000000000000
11100100111001011101111010011110010100110010111100000000000000000000000000000000000000000000000000000000000000000000000000000000
00010000101110101000110110010001111111111010101000000000000000000000000000000000000000000000000000000000000000000000000000000000
01001000000101001001010011010100010001001110110100000000000000000000000000000000000000000000000000000000000000000000000000000000
00000011010001011111110001011000101100000110111000000000000000000000000000000000000000000000000000000000000000000000000000000000
11110101010111010011110010011001000011010000101100000000000000000000000000000000000000000000000000000000000000000000000000000000
11100001111000000101010000001010110111011001110000000000000000000000000000000000000000000000000000000000000000000000000000000000
11100110101010000001001010000100100011001101110000000000000000000000000000000000000000000000000000000000000000000000000000000000
00110110111001110000101011010101010100001011011100000000000000000000000000000000000000000000000000000000000000000000000000000000
01110101010110011011110000000111110111101011011000000000000000000000000000000000000000000000000000000000000000000000000000000000
10010001100001100001001010011111111001111110001100000000000000000000000000000000000000000000000000000000000000000000000000000000
11110010011111111100111110011111001010000000011000000000000000000000000000000000000000000000000000000000000000000000000000000000
00100110010000010110111101010000001001011110011000000000000000000000000000000000000000000000000000000000000000000000000000000000
00110111000101110011001001010011100011010111111000000000000000000000000000000000000000000000000000000000000000000000000000000000
11110100101010000111100000000101011010000100101000000000000000000000000000000000000000000000000000000000000000000000000000000000
00100000001010000011000010011001101011110011111100000000000000000000000000000000000000000000000000000000000000000000000000000000
11110001000011111110000100011111101111101011010100000000000000000000000000000000000000000000000000000000000000000000000000000000
