18446744069350631296
18446744069350631296
18446744069344057536
18446744069344057536
18446744069350631296
18446744069350631296
18446744069344057536
18446744069344057536
787705060148542842
17659039009266041477
1760362142575362913
16686381926839221406
2662543388235312247
15784200681179272072
13181440894711843847
5265303174702740472
10306436036115865600
10306436036115865600
8140308033298718719
8140308033298718719
8140308033298718719
8140308033298718719
10306436036115865600
10306436036115865600
13181440894711843847
5265303174702740472
2662543388235312247
15784200681179272072
1760362142575362913
16686381926839221406
787705060148542842
17659039009266041477
4663459603462905092
15277593147358362625
9738771080664239311
10666540520837155991
8097156459745187449
17413698652090097725
9019779762830318483
7822479132313443863
9341711507278910845
2753342179302225403
17205901184975471648
14066226821342587045
11326823876125023570
3091358147770499620
9080224847309041331
1797095261640924326
13640907065415105536
1076451852074222588
15831496096008735059
3043715158698423524
16699346138831895405
3892990108739110325
940407917752447220
16228413819026755213
15047703948102187674
10140770382463100393
5510813601298962838
4065342011313565360
12250525668533385387
16714440490571909542
478472226681598338
8500297293508058477
11547871186916834908
11806267649207889177
14203688603253563463
3299884225135098191
2918019314138240010
3564107352129077631
4404185577856208372
17002019367535188867
17968832212730301035
17983537671173858149
3314519222880003298
3368655334357492508
3665514053877162193
18261347945055673512
15861268151304421023
4038252045624332352
4038252045624332352
15861268151304421023
18261347945055673512
3665514053877162193
3368655334357492508
3314519222880003298
17983537671173858149
17968832212730301035
17002019367535188867
4404185577856208372
3564107352129077631
2918019314138240010
3299884225135098191
14203688603253563463
11806267649207889177
11547871186916834908
15498687580609150698
10793499817324884640
15476832868595520020
17186486839905056573
4504003317663954347
13675723634261183622
17093959004024814653
15381123621318185139
16730217313346671096
16989677274362726052
16792570388485610067
7158215069262972612
4256237335939123876
7226466707968649735
770609427086413329
3058371464019823540
7733822986438300381
228255655382845311
15869815381459546568
5774117250201754477
9865656926663951864
11012295825954782844
10789821599790791748
10989340257916958748
9355445467345323189
13623432086640015494
15355529470579661369
8986195877682428432
16455913084890233035
4171225401112639047
1529203112900459388
16978773891587999400
1
1
1
1
1
1
1
1
1
1
1
1
1
1
1
1
1
1
1
1
1
1
1
1
1
1
1
1
1
1
1
1
1
1
1
1
1
1
1
1
1
1
1
1
1
1
1
1
1
1
1
1
1
1
1
1
1
1
1
1
1
1
1
1
1
1
1
1
1
1
1
1
1
1
1
1
1
1
1
1
1
1
1
1
1
1
1
1
1
1
1
1
1
1
1
1
1
1
1
1
1
1
1
1
1
1
1
1
1
1
1
1
1
1
1
1
1
1
1
1
1
1
1
1
1
1
1
1
10226418050280280665
16876449680358301941
1711191810824146209
786356554279717830
16075149679286277043
16274893497119732816
9052703504266440879
3877894729988776131
10451132201843670401
16920222952119103953
18059047182025408390
14844790302576679599
17780220456178490963
16265579143555327147
1439756809862239882
1525481317150476661
4759361430896033828
1263866220998000274
3286546956172038900
11712922145190362236
9560962110527493406
632347406552997418
12361012668449654783
10572455121116099660
1275429696178860226
11232692250875767008
7842164232580696567
3903002989759448971
7516924558815504064
6418222673619549977
7440030771729831395
11342105987551998331
1292495436098253030
9470364365318951161
7035509814599329868
1856539778611796048
1882617158322848639
8099128792599659614
13479242148808566536
18326889548651125986
14539084724816111264
12682889432525217837
18080837813332057108
2032182536914964556
8701062650343125247
6074848151008050566
15789149083376957597
16496227018903825982
9540276374257902454
13852663279758504152
3613753762004435395
8135348904636450063
594159421107678811
9724753639853026819
4330897267359620745
15904776540701880403
13813349164765134223
12379885854157653883
4574158264278925780
798283752307838541
116670098111850680
5785288129408011728
11876384547669417210
9180326990093014558
12991135911859803029
6825481461649119388
10245300193007905848
13600730615958118810
10332723280028705379
17307534661637763554
13936338888204548209
8191907371351188268
14032204507651617840
16355341966906978312
17517080648628628513
11967824347372412154
7718041682116155349
1366248859173859693
3667849008834827437
15831235838438731588
13798467768798010363
8151196833973844937
10594002085862621425
12150786213530829024
13650033094654519607
13600599859173882887
10433297219719969140
6832927774566651613
17479701931157679514
6206599268110287222
13151471227894191926
5745064438396172624
3302030735211941237
12847377938562091423
5193448219999411390
2540197850071965396
13538800611478815750
8396423126593856721
11589831624262865564
13601949861482058839
5755911959310638936
9808155010482194710
14911347121889805402
1075157204227191647
2541404327736295162
7414044773843847854
4640291976445196682
9142462341635634616
15110927416044790514
330382467106294160
15548564250501809678
16588174023994480142
13918879658164626569
13247317760492415987
2243542132795614316
1388978887278659671
5383661645182139673
6592001411719206906
7963229678111756030
10502293101279597981
8697127186666564477
17073178574272342327
10470231599379537492
12321222621328208786
8446915576310391190
12061860226088878660
7865107072734846824
11525257906586311892
1
1
1
1
1
1
1
1
1
1
1
1
1
1
1
1
1
1
1
1
1
1
1
1
1
1
1
1
1
1
1
1
1
1
1
1
1
1
1
1
1
1
1
1
1
1
1
1
1
1
1
1
1
1
1
1
1
1
1
1
1
1
1
1
1
1
1
1
1
1
1
1
1
1
1
1
1
1
1
1
1
1
1
1
1
1
1
1
1
1
1
1
1
1
1
1
1
1
1
1
1
1
1
1
1
1
1
1
1
1
1
1
1
1
1
1
1
1
1
1
1
1
1
1
1
1
1
1
