18446744069350631296
18446744069350631296
18446744069344057536
18446744069344057536
18446744069350631296
18446744069350631296
18446744069344057536
18446744069344057536
787705060148542842
17659039009266041477
1760362142575362913
16686381926839221406
2662543388235312247
15784200681179272072
13181440894711843847
5265303174702740472
10306436036115865600
10306436036115865600
8140308033298718719
8140308033298718719
8140308033298718719
8140308033298718719
10306436036115865600
10306436036115865600
13181440894711843847
5265303174702740472
2662543388235312247
15784200681179272072
1760362142575362913
16686381926839221406
787705060148542842
17659039009266041477
13783284465951679227
3169150922056221694
8707972988750345008
7780203548577428328
10349587609669396870
1033045417324486594
9426964306584265836
10624264937101140456
9105032562135673474
15693401890112358916
1240842884439112671
4380517248071997274
7119920193289560749
15355385921644084699
9366519222105542988
16649648807773659993
4805837003999478783
17370292217340361731
2615247973405849260
15403028910716160795
1747397930582688914
14553753960675473994
17506336151662137099
2218330250387829106
3399040121312396645
8305973686951483926
12935930468115621481
14381402058101018959
6196218400881198932
1732303578842674777
17968271842732985981
9946446775906525842
11547871186916834908
11806267649207889177
14203688603253563463
3299884225135098191
2918019314138240010
3564107352129077631
4404185577856208372
17002019367535188867
17968832212730301035
17983537671173858149
3314519222880003298
3368655334357492508
3665514053877162193
18261347945055673512
15861268151304421023
4038252045624332352
4038252045624332352
15861268151304421023
18261347945055673512
3665514053877162193
3368655334357492508
3314519222880003298
17983537671173858149
17968832212730301035
17002019367535188867
4404185577856208372
3564107352129077631
2918019314138240010
3299884225135098191
14203688603253563463
11806267649207889177
11547871186916834908
2948056488805433621
7653244252089699679
2969911200819064299
1260257229509527746
13942740751750629972
4771020435153400697
1352785065389769666
3065620448096399180
1716526756067913223
1457066795051858267
1654173680928974252
11288529000151611707
14190506733475460443
11220277361445934584
17676134642328170990
15388372605394760779
10712921082976283938
18218488414031739008
2576928687955037751
12672626819212829842
8581087142750632455
7434448243459801475
7656922469623792571
7457403811497625571
9091298602069261130
4823311982774568825
3091214598834922950
9460548191732155887
1990830984524351284
14275518668301945272
16917540956514124931
1467970177826584919
1
1
1
1
1
1
1
1
1
1
1
1
1
1
1
1
1
1
1
1
1
1
1
1
1
1
1
1
1
1
1
1
1
1
1
1
1
1
1
1
1
1
1
1
1
1
1
1
1
1
1
1
1
1
1
1
1
1
1
1
1
1
1
1
1
1
1
1
1
1
1
1
1
1
1
1
1
1
1
1
1
1
1
1
1
1
1
1
1
1
1
1
1
1
1
1
1
1
1
1
1
1
1
1
1
1
1
1
1
1
1
1
1
1
1
1
1
1
1
1
1
1
1
1
1
1
1
1
11525257906586311892
7865107072734846824
12061860226088878660
8446915576310391190
12321222621328208786
10470231599379537492
17073178574272342327
8697127186666564477
10502293101279597981
7963229678111756030
6592001411719206906
5383661645182139673
1388978887278659671
2243542132795614316
13247317760492415987
13918879658164626569
16588174023994480142
15548564250501809678
330382467106294160
15110927416044790514
9142462341635634616
4640291976445196682
7414044773843847854
2541404327736295162
1075157204227191647
14911347121889805402
9808155010482194710
5755911959310638936
13601949861482058839
11589831624262865564
8396423126593856721
13538800611478815750
2540197850071965396
5193448219999411390
12847377938562091423
3302030735211941237
5745064438396172624
13151471227894191926
6206599268110287222
17479701931157679514
6832927774566651613
10433297219719969140
13600599859173882887
13650033094654519607
12150786213530829024
10594002085862621425
8151196833973844937
13798467768798010363
15831235838438731588
3667849008834827437
1366248859173859693
7718041682116155349
11967824347372412154
17517080648628628513
16355341966906978312
14032204507651617840
8191907371351188268
13936338888204548209
17307534661637763554
10332723280028705379
13600730615958118810
10245300193007905848
6825481461649119388
12991135911859803029
9180326990093014558
11876384547669417210
5785288129408011728
116670098111850680
798283752307838541
4574158264278925780
12379885854157653883
13813349164765134223
15904776540701880403
4330897267359620745
9724753639853026819
594159421107678811
8135348904636450063
3613753762004435395
13852663279758504152
9540276374257902454
16496227018903825982
15789149083376957597
6074848151008050566
8701062650343125247
2032182536914964556
18080837813332057108
12682889432525217837
14539084724816111264
18326889548651125986
13479242148808566536
8099128792599659614
1882617158322848639
1856539778611796048
7035509814599329868
9470364365318951161
1292495436098253030
11342105987551998331
7440030771729831395
6418222673619549977
7516924558815504064
3903002989759448971
7842164232580696567
11232692250875767008
1275429696178860226
10572455121116099660
12361012668449654783
632347406552997418
9560962110527493406
11712922145190362236
3286546956172038900
1263866220998000274
4759361430896033828
1525481317150476661
1439756809862239882
16265579143555327147
17780220456178490963
14844790302576679599
18059047182025408390
16920222952119103953
10451132201843670401
3877894729988776131
9052703504266440879
16274893497119732816
16075149679286277043
786356554279717830
1711191810824146209
16876449680358301941
10226418050280280665
1
1
1
1
1
1
1
1
1
1
1
1
1
1
1
1
1
1
1
1
1
1
1
1
1
1
1
1
1
1
1
1
1
1
1
1
1
1
1
1
1
1
1
1
1
1
1
1
1
1
1
1
1
1
1
1
1
1
1
1
1
1
1
1
1
1
1
1
1
1
1
1
1
1
1
1
1
1
1
1
1
1
1
1
1
1
1
1
1
1
1
1
1
1
1
1
1
1
1
1
1
1
1
1
1
1
1
1
1
1
1
1
1
1
1
1
1
1
1
1
1
1
1
1
1
1
1
1
