18446744069350631296
18446744069350631296
18446744069344057536
18446744069344057536
18446744069350631296
18446744069350631296
18446744069344057536
18446744069344057536
17659039009266041477
787705060148542842
16686381926839221406
1760362142575362913
15784200681179272072
2662543388235312247
5265303174702740472
13181440894711843847
10306436036115865600
10306436036115865600
8140308033298718719
8140308033298718719
8140308033298718719
8140308033298718719
10306436036115865600
10306436036115865600
5265303174702740472
13181440894711843847
15784200681179272072
2662543388235312247
16686381926839221406
1760362142575362913
17659039009266041477
787705060148542842
1467970177826584919
16917540956514124931
14275518668301945272
1990830984524351284
9460548191732155887
3091214598834922950
4823311982774568825
9091298602069261130
7457403811497625571
7656922469623792571
7434448243459801475
8581087142750632455
12672626819212829842
2576928687955037751
18218488414031739008
10712921082976283938
15388372605394760779
17676134642328170990
11220277361445934584
14190506733475460443
11288529000151611707
1654173680928974252
1457066795051858267
1716526756067913223
3065620448096399180
1352785065389769666
4771020435153400697
13942740751750629972
1260257229509527746
2969911200819064299
7653244252089699679
2948056488805433621
6640476420206695142
6898872882497749411
15146859844279486128
4243055466161020856
14882636717285506688
15528724755276344309
1444724701879395452
14042558491558375947
463206398240726170
477911856684283284
15078088735057091811
15132224846534581021
185396124358910807
14781230015537422126
14408492023790251967
2585475918110163296
2585475918110163296
14408492023790251967
14781230015537422126
185396124358910807
15132224846534581021
15078088735057091811
477911856684283284
463206398240726170
14042558491558375947
1444724701879395452
15528724755276344309
14882636717285506688
4243055466161020856
15146859844279486128
6898872882497749411
6640476420206695142
9946446775906525842
17968271842732985981
1732303578842674777
6196218400881198932
14381402058101018959
12935930468115621481
8305973686951483926
3399040121312396645
2218330250387829106
17506336151662137099
14553753960675473994
1747397930582688914
15403028910716160795
2615247973405849260
17370292217340361731
4805837003999478783
16649648807773659993
9366519222105542988
15355385921644084699
7119920193289560749
4380517248071997274
1240842884439112671
15693401890112358916
9105032562135673474
10624264937101140456
9426964306584265836
1033045417324486594
10349587609669396870
7780203548577428328
8707972988750345008
3169150922056221694
13783284465951679227
1
1
1
1
1
1
1
1
1
1
1
1
1
1
1
1
1
1
1
1
1
1
1
1
1
1
1
1
1
1
1
1
1
1
1
1
1
1
1
1
1
1
1
1
1
1
1
1
1
1
1
1
1
1
1
1
1
1
1
1
1
1
1
1
1
1
1
1
1
1
1
1
1
1
1
1
1
1
1
1
1
1
1
1
1
1
1
1
1
1
1
1
1
1
1
1
1
1
1
1
1
1
1
1
1
1
1
1
1
1
1
1
1
1
1
1
1
1
1
1
1
1
1
1
1
1
1
1
875562422503613710
4157622349390921134
15833610289766329261
562541971380466647
9924223513809004789
4132247218727764110
7338208894729150044
14548516028030249623
17372462716361988121
10055889904830318953
9758769092994982932
8161461476360851785
13848437792259135410
2133289743644968664
16052518772101585605
15032519755716339968
2717625256074350937
12884014753165102526
15275098773872457561
16808840742319063709
8468579932975715624
7743113568735364002
4243534421125292880
7617665420779710209
14691742098238188003
15903928623176740629
14708315049638237337
10311609584682824971
1460650044290159678
12518587129724911625
14690529099227986290
1356433539765676528
7634665564538342436
7961646048896461425
18023373195852488927
14001096645206051433
9036057423442912284
16967757350110566192
14166337822764508343
8770332764131248365
6635888092819378050
4904753927833523717
9559434027376862787
8960000330031660508
14034618779592076881
17480405585960316367
3314922241431714609
3868693775958478053
16437858673879485508
17051629329596745551
17461933605690110883
8548455698308538326
5668839216587071117
11912467301096282864
17719123574788445899
4059771428333904059
2717636032038951206
8627057432429185829
11002469168883657698
5330598397533991476
14025726777241737517
13868858607314520401
11977446237042932413
15482430341255253761
186349262931339747
3178357882539899419
5851477618166922174
14099630520748871561
16718182031478579098
1556578055489227388
1051136656127350759
9299289234632397360
10622679257633953719
1504296433827861350
6844180165344978884
574452332305309506
8031933966327316563
1423035719512520019
14708298921566789855
17464672885694262756
10820041275670488493
11654046659016932486
7854347951031788230
4718788897686044192
2590425673729503318
86062631120236946
2389707636008407970
17659360951983063441
2163277685442422494
4682073472024125271
16437909236757249750
9452196328525152429
4624864423360423528
3807643734310808340
2782487621814425708
7741014786633753600
14574330644017304656
11930536271654465527
13225444323023080047
14788272893141284798
8056362560887960148
10020963311570105596
17192902202237891285
5041440159317022216
14368036504457248328
16048104228340561245
11766089359006739332
12705010519788944605
15700208183930746735
9157668361017636131
9327012054112681005
3084156172915824005
18086360952413999541
11703527527845020517
2680324315710639979
1559593285603731827
11787018416890207280
8820720391788209486
12900333933533776796
12614546183156485043
16245471255149717138
15499579903484021242
17339380792307431912
472605401453273611
895277090146642136
9764564495085627837
17963714610867005258
2170214767197473548
1
1
1
1
1
1
1
1
1
1
1
1
1
1
1
1
1
1
1
1
1
1
1
1
1
1
1
1
1
1
1
1
1
1
1
1
1
1
1
1
1
1
1
1
1
1
1
1
1
1
1
1
1
1
1
1
1
1
1
1
1
1
1
1
1
1
1
1
1
1
1
1
1
1
1
1
1
1
1
1
1
1
1
1
1
1
1
1
1
1
1
1
1
1
1
1
1
1
1
1
1
1
1
1
1
1
1
1
1
1
1
1
1
1
1
1
1
1
1
1
1
1
1
1
1
1
1
1
