18446744069350631296
18446744069350631296
18446744069344057536
18446744069344057536
18446744069350631296
18446744069350631296
18446744069344057536
18446744069344057536
17659039009266041477
787705060148542842
16686381926839221406
1760362142575362913
15784200681179272072
2662543388235312247
5265303174702740472
13181440894711843847
10306436036115865600
10306436036115865600
8140308033298718719
8140308033298718719
8140308033298718719
8140308033298718719
10306436036115865600
10306436036115865600
5265303174702740472
13181440894711843847
15784200681179272072
2662543388235312247
16686381926839221406
1760362142575362913
17659039009266041477
787705060148542842
16978773891587999400
1529203112900459388
4171225401112639047
16455913084890233035
8986195877682428432
15355529470579661369
13623432086640015494
9355445467345323189
10989340257916958748
10789821599790791748
11012295825954782844
9865656926663951864
5774117250201754477
15869815381459546568
228255655382845311
7733822986438300381
3058371464019823540
770609427086413329
7226466707968649735
4256237335939123876
7158215069262972612
16792570388485610067
16989677274362726052
16730217313346671096
15381123621318185139
17093959004024814653
13675723634261183622
4504003317663954347
17186486839905056573
15476832868595520020
10793499817324884640
15498687580609150698
6640476420206695142
6898872882497749411
15146859844279486128
4243055466161020856
14882636717285506688
15528724755276344309
1444724701879395452
14042558491558375947
463206398240726170
477911856684283284
15078088735057091811
15132224846534581021
185396124358910807
14781230015537422126
14408492023790251967
2585475918110163296
2585475918110163296
14408492023790251967
14781230015537422126
185396124358910807
15132224846534581021
15078088735057091811
477911856684283284
463206398240726170
14042558491558375947
1444724701879395452
15528724755276344309
14882636717285506688
4243055466161020856
15146859844279486128
6898872882497749411
6640476420206695142
8500297293508058477
478472226681598338
16714440490571909542
12250525668533385387
4065342011313565360
5510813601298962838
10140770382463100393
15047703948102187674
16228413819026755213
940407917752447220
3892990108739110325
16699346138831895405
3043715158698423524
15831496096008735059
1076451852074222588
13640907065415105536
1797095261640924326
9080224847309041331
3091358147770499620
11326823876125023570
14066226821342587045
17205901184975471648
2753342179302225403
9341711507278910845
7822479132313443863
9019779762830318483
17413698652090097725
8097156459745187449
10666540520837155991
9738771080664239311
15277593147358362625
4663459603462905092
1
1
1
1
1
1
1
1
1
1
1
1
1
1
1
1
1
1
1
1
1
1
1
1
1
1
1
1
1
1
1
1
1
1
1
1
1
1
1
1
1
1
1
1
1
1
1
1
1
1
1
1
1
1
1
1
1
1
1
1
1
1
1
1
1
1
1
1
1
1
1
1
1
1
1
1
1
1
1
1
1
1
1
1
1
1
1
1
1
1
1
1
1
1
1
1
1
1
1
1
1
1
1
1
1
1
1
1
1
1
1
1
1
1
1
1
1
1
1
1
1
1
1
1
1
1
1
1
2170214767197473548
17963714610867005258
9764564495085627837
895277090146642136
472605401453273611
17339380792307431912
15499579903484021242
16245471255149717138
12614546183156485043
12900333933533776796
8820720391788209486
11787018416890207280
1559593285603731827
2680324315710639979
11703527527845020517
18086360952413999541
3084156172915824005
9327012054112681005
9157668361017636131
15700208183930746735
12705010519788944605
11766089359006739332
16048104228340561245
14368036504457248328
5041440159317022216
17192902202237891285
10020963311570105596
8056362560887960148
14788272893141284798
13225444323023080047
11930536271654465527
14574330644017304656
7741014786633753600
2782487621814425708
3807643734310808340
4624864423360423528
9452196328525152429
16437909236757249750
4682073472024125271
2163277685442422494
17659360951983063441
2389707636008407970
86062631120236946
2590425673729503318
4718788897686044192
7854347951031788230
11654046659016932486
10820041275670488493
17464672885694262756
14708298921566789855
1423035719512520019
8031933966327316563
574452332305309506
6844180165344978884
1504296433827861350
10622679257633953719
9299289234632397360
1051136656127350759
1556578055489227388
16718182031478579098
14099630520748871561
5851477618166922174
3178357882539899419
186349262931339747
15482430341255253761
11977446237042932413
13868858607314520401
14025726777241737517
5330598397533991476
11002469168883657698
8627057432429185829
2717636032038951206
4059771428333904059
17719123574788445899
11912467301096282864
5668839216587071117
8548455698308538326
17461933605690110883
17051629329596745551
16437858673879485508
3868693775958478053
3314922241431714609
17480405585960316367
14034618779592076881
8960000330031660508
9559434027376862787
4904753927833523717
6635888092819378050
8770332764131248365
14166337822764508343
16967757350110566192
9036057423442912284
14001096645206051433
18023373195852488927
7961646048896461425
7634665564538342436
1356433539765676528
14690529099227986290
12518587129724911625
1460650044290159678
10311609584682824971
14708315049638237337
15903928623176740629
14691742098238188003
7617665420779710209
4243534421125292880
7743113568735364002
8468579932975715624
16808840742319063709
15275098773872457561
12884014753165102526
2717625256074350937
15032519755716339968
16052518772101585605
2133289743644968664
13848437792259135410
8161461476360851785
9758769092994982932
10055889904830318953
17372462716361988121
14548516028030249623
7338208894729150044
4132247218727764110
9924223513809004789
562541971380466647
15833610289766329261
4157622349390921134
875562422503613710
1
1
1
1
1
1
1
1
1
1
1
1
1
1
1
1
1
1
1
1
1
1
1
1
1
1
1
1
1
1
1
1
1
1
1
1
1
1
1
1
1
1
1
1
1
1
1
1
1
1
1
1
1
1
1
1
1
1
1
1
1
1
1
1
1
1
1
1
1
1
1
1
1
1
1
1
1
1
1
1
1
1
1
1
1
1
1
1
1
1
1
1
1
1
1
1
1
1
1
1
1
1
1
1
1
1
1
1
1
1
1
1
1
1
1
1
1
1
1
1
1
1
1
1
1
1
1
1
