18446744069350631296
18446744069350631296
18446744069344057536
18446744069344057536
18446744069350631296
18446744069350631296
18446744069344057536
18446744069344057536
17659039009266041477
787705060148542842
16686381926839221406
1760362142575362913
15784200681179272072
2662543388235312247
5265303174702740472
13181440894711843847
10306436036115865600
10306436036115865600
8140308033298718719
8140308033298718719
8140308033298718719
8140308033298718719
10306436036115865600
10306436036115865600
5265303174702740472
13181440894711843847
15784200681179272072
2662543388235312247
16686381926839221406
1760362142575362913
17659039009266041477
787705060148542842
1467970177826584919
16917540956514124931
14275518668301945272
1990830984524351284
9460548191732155887
3091214598834922950
4823311982774568825
9091298602069261130
7457403811497625571
7656922469623792571
7434448243459801475
8581087142750632455
12672626819212829842
2576928687955037751
18218488414031739008
10712921082976283938
15388372605394760779
17676134642328170990
11220277361445934584
14190506733475460443
11288529000151611707
1654173680928974252
1457066795051858267
1716526756067913223
3065620448096399180
1352785065389769666
4771020435153400697
13942740751750629972
1260257229509527746
2969911200819064299
7653244252089699679
2948056488805433621
6640476420206695142
6898872882497749411
15146859844279486128
4243055466161020856
14882636717285506688
15528724755276344309
1444724701879395452
14042558491558375947
463206398240726170
477911856684283284
15078088735057091811
15132224846534581021
185396124358910807
14781230015537422126
14408492023790251967
2585475918110163296
2585475918110163296
14408492023790251967
14781230015537422126
185396124358910807
15132224846534581021
15078088735057091811
477911856684283284
463206398240726170
14042558491558375947
1444724701879395452
15528724755276344309
14882636717285506688
4243055466161020856
15146859844279486128
6898872882497749411
6640476420206695142
9946446775906525842
17968271842732985981
1732303578842674777
6196218400881198932
14381402058101018959
12935930468115621481
8305973686951483926
3399040121312396645
2218330250387829106
17506336151662137099
14553753960675473994
1747397930582688914
15403028910716160795
2615247973405849260
17370292217340361731
4805837003999478783
16649648807773659993
9366519222105542988
15355385921644084699
7119920193289560749
4380517248071997274
1240842884439112671
15693401890112358916
9105032562135673474
10624264937101140456
9426964306584265836
1033045417324486594
10349587609669396870
7780203548577428328
8707972988750345008
3169150922056221694
13783284465951679227
1
1
1
1
1
1
1
1
1
1
1
1
1
1
1
1
1
1
1
1
1
1
1
1
1
1
1
1
1
1
1
1
1
1
1
1
1
1
1
1
1
1
1
1
1
1
1
1
1
1
1
1
1
1
1
1
1
1
1
1
1
1
1
1
1
1
1
1
1
1
1
1
1
1
1
1
1
1
1
1
1
1
1
1
1
1
1
1
1
1
1
1
1
1
1
1
1
1
1
1
1
1
1
1
1
1
1
1
1
1
1
1
1
1
1
1
1
1
1
1
1
1
1
1
1
1
1
1
17571181646910970609
14289121720023663185
2613133779648255058
17884202098034117672
8522520555605579530
14314496850686820209
11108535174685434275
3898228041384334696
1074281353052596198
8390854164584265366
8687974976419601387
10285282593053732534
4598306277155448909
16313454325769615655
2394225297312998714
3414224313698244351
15729118813340233382
5562729316249481793
3171645295542126758
1637903327095520610
9978164136438868695
10703630500679220317
14203209648289291439
10829078648634874110
3755001971176396316
2542815446237843690
3738429019776346982
8135134484731759348
16986094025124424641
5928156939689672694
3756214970186598029
17090310529648907791
10812078504876241883
10485098020518122894
423370873562095392
4445647424208532886
9410686645971672035
1478986719304018127
4280406246650075976
9676411305283335954
11810855976595206269
13541990141581060602
8887310042037721532
9486743739382923811
4412125289822507438
966338483454267952
15131821827982869710
14578050293456106266
2008885395535098811
1395114739817838768
984810463724473436
9898288371106045993
12777904852827513202
6534276768318301455
727620494626138420
14386972641080680260
15729108037375633113
9819686636985398490
7444274900530926621
13116145671880592843
4421017292172846802
4577885462100063918
6469297832371651906
2964313728159330558
18260394806483244572
15268386186874684900
12595266451247662145
4347113548665712758
1728562037936005221
16890166013925356931
17395607413287233560
9147454834782186959
7824064811780630600
16942447635586722969
11602563904069605435
17872291737109274813
10414810103087267756
17023708349902064300
3738445147847794464
982071183720321563
7626702793744095826
6792697410397651833
10592396118382796089
13727955171728540127
15856318395685081001
18360681438294347373
16057036433406176349
787383117431520878
16283466383972161825
13764670597390459048
2008834832657334569
8994547740889431890
13821879646054160791
14639100335103775979
15664256447600158611
10705729282780830719
3872413425397279663
6516207797760118792
5221299746391504272
3658471176273299521
10390381508526624171
8425780757844478723
1253841867176693034
13405303910097562103
4078707564957335991
2398639841074023074
6680654710407844987
5741733549625639714
2746535885483837584
9289075708396948188
9119732015301903314
15362587896498760314
360383117000584778
6743216541569563802
15766419753703944340
16887150783810852492
6659725652524377039
9626023677626374833
5546410135880807523
5832197886258099276
2201272814264867181
2947164165930563077
1107363277107152407
17974138667961310708
17551466979267942183
8682179574328956482
483029458547579061
16276529302217110771
1
1
1
1
1
1
1
1
1
1
1
1
1
1
1
1
1
1
1
1
1
1
1
1
1
1
1
1
1
1
1
1
1
1
1
1
1
1
1
1
1
1
1
1
1
1
1
1
1
1
1
1
1
1
1
1
1
1
1
1
1
1
1
1
1
1
1
1
1
1
1
1
1
1
1
1
1
1
1
1
1
1
1
1
1
1
1
1
1
1
1
1
1
1
1
1
1
1
1
1
1
1
1
1
1
1
1
1
1
1
1
1
1
1
1
1
1
1
1
1
1
1
1
1
1
1
1
1
