18446744069350631296
18446744069350631296
18446744069344057536
18446744069344057536
18446744069350631296
18446744069350631296
18446744069344057536
18446744069344057536
787705060148542842
17659039009266041477
1760362142575362913
16686381926839221406
2662543388235312247
15784200681179272072
13181440894711843847
5265303174702740472
10306436036115865600
10306436036115865600
8140308033298718719
8140308033298718719
8140308033298718719
8140308033298718719
10306436036115865600
10306436036115865600
13181440894711843847
5265303174702740472
2662543388235312247
15784200681179272072
1760362142575362913
16686381926839221406
787705060148542842
17659039009266041477
13783284465951679227
3169150922056221694
8707972988750345008
7780203548577428328
10349587609669396870
1033045417324486594
9426964306584265836
10624264937101140456
9105032562135673474
15693401890112358916
1240842884439112671
4380517248071997274
7119920193289560749
15355385921644084699
9366519222105542988
16649648807773659993
4805837003999478783
17370292217340361731
2615247973405849260
15403028910716160795
1747397930582688914
14553753960675473994
17506336151662137099
2218330250387829106
3399040121312396645
8305973686951483926
12935930468115621481
14381402058101018959
6196218400881198932
1732303578842674777
17968271842732985981
9946446775906525842
11547871186916834908
11806267649207889177
14203688603253563463
3299884225135098191
2918019314138240010
3564107352129077631
4404185577856208372
17002019367535188867
17968832212730301035
17983537671173858149
3314519222880003298
3368655334357492508
3665514053877162193
18261347945055673512
15861268151304421023
4038252045624332352
4038252045624332352
15861268151304421023
18261347945055673512
3665514053877162193
3368655334357492508
3314519222880003298
17983537671173858149
17968832212730301035
17002019367535188867
4404185577856208372
3564107352129077631
2918019314138240010
3299884225135098191
14203688603253563463
11806267649207889177
11547871186916834908
2948056488805433621
7653244252089699679
2969911200819064299
1260257229509527746
13942740751750629972
4771020435153400697
1352785065389769666
3065620448096399180
1716526756067913223
1457066795051858267
1654173680928974252
11288529000151611707
14190506733475460443
11220277361445934584
17676134642328170990
15388372605394760779
10712921082976283938
18218488414031739008
2576928687955037751
12672626819212829842
8581087142750632455
7434448243459801475
7656922469623792571
7457403811497625571
9091298602069261130
4823311982774568825
3091214598834922950
9460548191732155887
1990830984524351284
14275518668301945272
16917540956514124931
1467970177826584919
1
1
1
1
1
1
1
1
1
1
1
1
1
1
1
1
1
1
1
1
1
1
1
1
1
1
1
1
1
1
1
1
1
1
1
1
1
1
1
1
1
1
1
1
1
1
1
1
1
1
1
1
1
1
1
1
1
1
1
1
1
1
1
1
1
1
1
1
1
1
1
1
1
1
1
1
1
1
1
1
1
1
1
1
1
1
1
1
1
1
1
1
1
1
1
1
1
1
1
1
1
1
1
1
1
1
1
1
1
1
1
1
1
1
1
1
1
1
1
1
1
1
1
1
1
1
1
1
6921486162828272427
10581636996679737495
6384883843325705659
9999828493104193129
6125521448086375533
7976512470035046827
1373565495142241992
9749616882748019842
7944450968134986338
10483514391302828289
11854742657695377413
13063082424232444646
17057765182135924648
16203201936618970003
5199426308922168332
4527864411249957750
1858570045420104177
2898179818912774641
18116361602308290159
3335816653369793805
9304281727778949703
13806452092969387637
11032699295570736465
15905339741678289157
17371586865187392672
3535396947524778917
8638589058932389609
12690832110103945383
4844794207932525480
6856912445151718755
10050320942820727598
4907943457935768569
15906546219342618923
13253295849415172929
5599366130852492896
15144713334202643082
12701679631018411695
5295272841520392393
12240144801304297097
967042138256904805
11613816294847932706
8013446849694615179
4846144210240701432
4796710974760064712
6295957855883755295
7852741983551962894
10295547235440739382
4648276300616573956
2615508230975852731
14778895060579756882
17080495210240724626
10728702387298428970
6478919722042172165
929663420785955806
2091402102507606007
4414539561762966479
10254836698063396051
4510405181210036110
1139209407776820765
8114020789385878940
4846013453456465509
8201443876406678471
11621262607765464931
5455608157554781290
9266417079321569761
6570359521745167109
12661455940006572591
18330073971302733639
17648460317106745778
13872585805135658539
6066858215256930436
4633394904649450096
2541967528712703916
14115846802054963574
8721990429561557500
17852584648306905508
10311395164778134256
14832990307410148924
4594080789656080167
8906467695156681865
1950517050510758337
2657594986037626722
12371895918406533753
9745681419071459072
16414561532499619763
365906256082527211
5763854636889366482
3907659344598473055
119854520763458333
4967501920606017783
10347615276814924705
16564126911091735680
16590204290802788271
11411234254815254451
8976379704095633158
17154248633316331289
7104638081862585988
11006713297684752924
12028521395795034342
10929819510599080255
14543741079655135348
10604579836833887752
7214051818538817311
17171314373235724093
7874288948298484659
6085731400964929536
17814396662861586901
8885781958887090913
6733821924224222083
15160197113242545419
17182877848416584045
13687382638518550491
16921262752264107658
17006987259552344437
2181164925859257172
666523613236093356
3601953766837904720
387696887389175929
1526521117295480366
7995611867570913918
14568849339425808188
9394040565148143440
2171850572294851503
2371594390128307276
17660387515134866489
16735552258590438110
1570294389056282378
8220326019134303654
1
1
1
1
1
1
1
1
1
1
1
1
1
1
1
1
1
1
1
1
1
1
1
1
1
1
1
1
1
1
1
1
1
1
1
1
1
1
1
1
1
1
1
1
1
1
1
1
1
1
1
1
1
1
1
1
1
1
1
1
1
1
1
1
1
1
1
1
1
1
1
1
1
1
1
1
1
1
1
1
1
1
1
1
1
1
1
1
1
1
1
1
1
1
1
1
1
1
1
1
1
1
1
1
1
1
1
1
1
1
1
1
1
1
1
1
1
1
1
1
1
1
1
1
1
1
1
1
