4239404927
18446744069350631296
18446744069344057536
18446744069344057536
18446744069350631296
18446744069350631296
18446744069344057536
18446744069344057536
17659039009266041477
787705060148542842
16686381926839221406
1760362142575362913
15784200681179272072
2662543388235312247
5265303174702740472
13181440894711843847
10306436036115865600
10306436036115865600
8140308033298718719
8140308033298718719
8140308033298718719
8140308033298718719
10306436036115865600
10306436036115865600
5265303174702740472
13181440894711843847
15784200681179272072
2662543388235312247
16686381926839221406
1760362142575362913
17659039009266041477
787705060148542842
16978773891587999400
1529203112900459388
4171225401112639047
16455913084890233035
8986195877682428432
15355529470579661369
13623432086640015494
9355445467345323189
10989340257916958748
10789821599790791748
11012295825954782844
9865656926663951864
5774117250201754477
15869815381459546568
228255655382845311
7733822986438300381
3058371464019823540
770609427086413329
7226466707968649735
4256237335939123876
7158215069262972612
16792570388485610067
16989677274362726052
16730217313346671096
15381123621318185139
17093959004024814653
13675723634261183622
4504003317663954347
17186486839905056573
15476832868595520020
10793499817324884640
15498687580609150698
6640476420206695142
6898872882497749411
15146859844279486128
4243055466161020856
14882636717285506688
15528724755276344309
1444724701879395452
14042558491558375947
463206398240726170
477911856684283284
15078088735057091811
15132224846534581021
185396124358910807
14781230015537422126
14408492023790251967
2585475918110163296
2585475918110163296
14408492023790251967
14781230015537422126
185396124358910807
15132224846534581021
15078088735057091811
477911856684283284
463206398240726170
14042558491558375947
1444724701879395452
15528724755276344309
14882636717285506688
4243055466161020856
15146859844279486128
6898872882497749411
6640476420206695142
8500297293508058477
478472226681598338
16714440490571909542
12250525668533385387
4065342011313565360
5510813601298962838
10140770382463100393
15047703948102187674
16228413819026755213
940407917752447220
3892990108739110325
16699346138831895405
3043715158698423524
15831496096008735059
1076451852074222588
13640907065415105536
1797095261640924326
9080224847309041331
3091358147770499620
11326823876125023570
14066226821342587045
17205901184975471648
2753342179302225403
9341711507278910845
7822479132313443863
9019779762830318483
17413698652090097725
8097156459745187449
10666540520837155991
9738771080664239311
15277593147358362625
4663459603462905092
1
1
1
1
1
1
1
1
1
1
1
1
1
1
1
1
1
1
1
1
1
1
1
1
1
1
1
1
1
1
1
1
1
1
1
1
1
1
1
1
1
1
1
1
1
1
1
1
1
1
1
1
1
1
1
1
1
1
1
1
1
1
1
1
1
1
1
1
1
1
1
1
1
1
1
1
1
1
1
1
1
1
1
1
1
1
1
1
1
1
1
1
1
1
1
1
1
1
1
1
1
1
1
1
1
1
1
1
1
1
1
1
1
1
1
1
1
1
1
1
1
1
1
1
1
1
1
1
16276529302217110771
483029458547579061
8682179574328956482
17551466979267942183
17974138667961310708
1107363277107152407
2947164165930563077
2201272814264867181
5832197886258099276
5546410135880807523
9626023677626374833
6659725652524377039
16887150783810852492
15766419753703944340
6743216541569563802
360383117000584778
15362587896498760314
9119732015301903314
9289075708396948188
2746535885483837584
5741733549625639714
6680654710407844987
2398639841074023074
4078707564957335991
13405303910097562103
1253841867176693034
8425780757844478723
10390381508526624171
3658471176273299521
5221299746391504272
6516207797760118792
3872413425397279663
10705729282780830719
15664256447600158611
14639100335103775979
13821879646054160791
8994547740889431890
2008834832657334569
13764670597390459048
16283466383972161825
787383117431520878
16057036433406176349
18360681438294347373
15856318395685081001
13727955171728540127
10592396118382796089
6792697410397651833
7626702793744095826
982071183720321563
3738445147847794464
17023708349902064300
10414810103087267756
17872291737109274813
11602563904069605435
16942447635586722969
7824064811780630600
9147454834782186959
17395607413287233560
16890166013925356931
1728562037936005221
4347113548665712758
12595266451247662145
15268386186874684900
18260394806483244572
2964313728159330558
6469297832371651906
4577885462100063918
4421017292172846802
13116145671880592843
7444274900530926621
9819686636985398490
15729108037375633113
14386972641080680260
727620494626138420
6534276768318301455
12777904852827513202
9898288371106045993
984810463724473436
1395114739817838768
2008885395535098811
14578050293456106266
15131821827982869710
966338483454267952
4412125289822507438
9486743739382923811
8887310042037721532
13541990141581060602
11810855976595206269
9676411305283335954
4280406246650075976
1478986719304018127
9410686645971672035
4445647424208532886
423370873562095392
10485098020518122894
10812078504876241883
17090310529648907791
3756214970186598029
5928156939689672694
16986094025124424641
8135134484731759348
3738429019776346982
2542815446237843690
3755001971176396316
10829078648634874110
14203209648289291439
10703630500679220317
9978164136438868695
1637903327095520610
3171645295542126758
5562729316249481793
15729118813340233382
3414224313698244351
2394225297312998714
16313454325769615655
4598306277155448909
10285282593053732534
8687974976419601387
8390854164584265366
1074281353052596198
3898228041384334696
11108535174685434275
14314496850686820209
8522520555605579530
17884202098034117672
2613133779648255058
14289121720023663185
17571181646910970609
1
1
1
1
1
1
1
1
1
1
1
1
1
1
1
1
1
1
1
1
1
1
1
1
1
1
1
1
1
1
1
1
1
1
1
1
1
1
1
1
1
1
1
1
1
1
1
1
1
1
1
1
1
1
1
1
1
1
1
1
1
1
1
1
1
1
1
1
1
1
1
1
1
1
1
1
1
1
1
1
1
1
1
1
1
1
1
1
1
1
1
1
1
1
1
1
1
1
1
1
1
1
1
1
1
1
1
1
1
1
1
1
1
1
1
1
1
1
1
1
1
1
1
1
1
1
1
1
