18446744069350631296
18446744069350631296
18446744069344057536
18446744069344057536
18446744069350631296
18446744069350631296
18446744069344057536
18446744069344057536
787705060148542842
17659039009266041477
1760362142575362913
16686381926839221406
2662543388235312247
15784200681179272072
13181440894711843847
5265303174702740472
10306436036115865600
10306436036115865600
8140308033298718719
8140308033298718719
8140308033298718719
8140308033298718719
10306436036115865600
10306436036115865600
13181440894711843847
5265303174702740472
2662543388235312247
15784200681179272072
1760362142575362913
16686381926839221406
787705060148542842
17659039009266041477
4663459603462905092
15277593147358362625
9738771080664239311
10666540520837155991
8097156459745187449
17413698652090097725
9019779762830318483
7822479132313443863
9341711507278910845
2753342179302225403
17205901184975471648
14066226821342587045
11326823876125023570
3091358147770499620
9080224847309041331
1797095261640924326
13640907065415105536
1076451852074222588
15831496096008735059
3043715158698423524
16699346138831895405
3892990108739110325
940407917752447220
16228413819026755213
15047703948102187674
10140770382463100393
5510813601298962838
4065342011313565360
12250525668533385387
16714440490571909542
478472226681598338
8500297293508058477
11547871186916834908
11806267649207889177
14203688603253563463
3299884225135098191
2918019314138240010
3564107352129077631
4404185577856208372
17002019367535188867
17968832212730301035
17983537671173858149
3314519222880003298
3368655334357492508
3665514053877162193
18261347945055673512
15861268151304421023
4038252045624332352
4038252045624332352
15861268151304421023
18261347945055673512
3665514053877162193
3368655334357492508
3314519222880003298
17983537671173858149
17968832212730301035
17002019367535188867
4404185577856208372
3564107352129077631
2918019314138240010
3299884225135098191
14203688603253563463
11806267649207889177
11547871186916834908
15498687580609150698
10793499817324884640
15476832868595520020
17186486839905056573
4504003317663954347
13675723634261183622
17093959004024814653
15381123621318185139
16730217313346671096
16989677274362726052
16792570388485610067
7158215069262972612
4256237335939123876
7226466707968649735
770609427086413329
3058371464019823540
7733822986438300381
228255655382845311
15869815381459546568
5774117250201754477
9865656926663951864
11012295825954782844
10789821599790791748
10989340257916958748
9355445467345323189
13623432086640015494
15355529470579661369
8986195877682428432
16455913084890233035
4171225401112639047
1529203112900459388
16978773891587999400
1
1
1
1
1
1
1
1
1
1
1
1
1
1
1
1
1
1
1
1
1
1
1
1
1
1
1
1
1
1
1
1
1
1
1
1
1
1
1
1
1
1
1
1
1
1
1
1
1
1
1
1
1
1
1
1
1
1
1
1
1
1
1
1
1
1
1
1
1
1
1
1
1
1
1
1
1
1
1
1
1
1
1
1
1
1
1
1
1
1
1
1
1
1
1
1
1
1
1
1
1
1
1
1
1
1
1
1
1
1
1
1
1
1
1
1
1
1
1
1
1
1
1
1
1
1
1
1
8220326019134303654
1570294389056282378
16735552258590438110
17660387515134866489
2371594390128307276
2171850572294851503
9394040565148143440
14568849339425808188
7995611867570913918
1526521117295480366
387696887389175929
3601953766837904720
666523613236093356
2181164925859257172
17006987259552344437
16921262752264107658
13687382638518550491
17182877848416584045
15160197113242545419
6733821924224222083
8885781958887090913
17814396662861586901
6085731400964929536
7874288948298484659
17171314373235724093
7214051818538817311
10604579836833887752
14543741079655135348
10929819510599080255
12028521395795034342
11006713297684752924
7104638081862585988
17154248633316331289
8976379704095633158
11411234254815254451
16590204290802788271
16564126911091735680
10347615276814924705
4967501920606017783
119854520763458333
3907659344598473055
5763854636889366482
365906256082527211
16414561532499619763
9745681419071459072
12371895918406533753
2657594986037626722
1950517050510758337
8906467695156681865
4594080789656080167
14832990307410148924
10311395164778134256
17852584648306905508
8721990429561557500
14115846802054963574
2541967528712703916
4633394904649450096
6066858215256930436
13872585805135658539
17648460317106745778
18330073971302733639
12661455940006572591
6570359521745167109
9266417079321569761
5455608157554781290
11621262607765464931
8201443876406678471
4846013453456465509
8114020789385878940
1139209407776820765
4510405181210036110
10254836698063396051
4414539561762966479
2091402102507606007
929663420785955806
6478919722042172165
10728702387298428970
17080495210240724626
14778895060579756882
2615508230975852731
4648276300616573956
10295547235440739382
7852741983551962894
6295957855883755295
4796710974760064712
4846144210240701432
8013446849694615179
11613816294847932706
967042138256904805
12240144801304297097
5295272841520392393
12701679631018411695
15144713334202643082
5599366130852492896
13253295849415172929
15906546219342618923
4907943457935768569
10050320942820727598
6856912445151718755
4844794207932525480
12690832110103945383
8638589058932389609
3535396947524778917
17371586865187392672
15905339741678289157
11032699295570736465
13806452092969387637
9304281727778949703
3335816653369793805
18116361602308290159
2898179818912774641
1858570045420104177
4527864411249957750
5199426308922168332
16203201936618970003
17057765182135924648
13063082424232444646
11854742657695377413
10483514391302828289
7944450968134986338
9749616882748019842
1373565495142241992
7976512470035046827
6125521448086375533
9999828493104193129
6384883843325705659
10581636996679737495
6921486162828272427
1
1
1
1
1
1
1
1
1
1
1
1
1
1
1
1
1
1
1
1
1
1
1
1
1
1
1
1
1
1
1
1
1
1
1
1
1
1
1
1
1
1
1
1
1
1
1
1
1
1
1
1
1
1
1
1
1
1
1
1
1
1
1
1
1
1
1
1
1
1
1
1
1
1
1
1
1
1
1
1
1
1
1
1
1
1
1
1
1
1
1
1
1
1
1
1
1
1
1
1
1
1
1
1
1
1
1
1
1
1
1
1
1
1
1
1
1
1
1
1
1
1
1
1
1
1
1
1
